DT_GERACAO;HH_GERACAO;ANO_ELEICAO;CD_TIPO_ELEICAO;NM_TIPO_ELEICAO;NR_TURNO;CD_ELEICAO;DS_ELEICAO;DT_ELEICAO;TP_ABRANGENCIA;SG_UF;SG_UE;NM_UE;CD_MUNICIPIO;NM_MUNICIPIO;NR_ZONA;CD_CARGO;DS_CARGO;QT_APTOS;QT_SECOES;QT_SECOES_AGREGADAS;QT_APTOS_TOT;QT_SECOES_TOT;QT_COMPARECIMENTO;QT_ABSTENCOES;ST_VOTO_EM_TRANSITO;QT_VOTOS_NOMINAIS;QT_VOTOS_BRANCOS;QT_VOTOS_NULOS;QT_VOTOS_LEGENDA;QT_VOTOS_PENDENTES;QT_VOTOS_ANULADOS;HH_ULTIMA_TOTALIZACAO;DT_ULTIMA_TOTALIZACAO
18/10/2020;00:06:22;2016;2;Eleição Ordinária;1;220;ELEIÇÕES MUNICIPAIS 2016;02/10/2016;M;RJ;60011;RIO DE JANEIRO;60011;RIO DE JANEIRO;205;13;Vereador;30955;93;1;30955;93;20010;10945;N;14594;1360;2243;1813;0;0;13:55:48;01/12/2016
18/10/2020;00:06:22;2016;2;Eleição Ordinária;1;220;ELEIÇÕES MUNICIPAIS 2016;02/10/2016;M;RJ;60011;RIO DE JANEIRO;60011;RIO DE JANEIRO;173;13;Vereador;37501;86;0;37501;86;27930;9571;N;20256;1826;3612;2236;0;0;13:55:48;01/12/2016
18/10/2020;00:06:22;2016;2;Eleição Ordinária;1;220;ELEIÇÕES MUNICIPAIS 2016;02/10/2016;M;RJ;58696;NOVA IGUAÇU;58696;NOVA IGUAÇU;67;13;Vereador;42354;119;14;42354;119;33398;8956;N;25632;1884;3931;1951;0;0;14:09:38;04/04/2018
18/10/2020;00:06:22;2016;2;Eleição Ordinária;1;220;ELEIÇÕES MUNICIPAIS 2016;02/10/2016;M;RJ;58050;BARRA DO PIRAÍ;58050;BARRA DO PIRAÍ;93;13;Vereador;71099;214;33;71099;214;56923;14176;N;49500;1849;2579;2995;0;0;14:16:22;07/12/2016
18/10/2020;00:06:22;2016;2;Eleição Ordinária;1;220;ELEIÇÕES MUNICIPAIS 2016;02/10/2016;M;RJ;58696;NOVA IGUAÇU;58696;NOVA IGUAÇU;250;11;Prefeito;44643;120;0;44643;120;35922;8721;N;28408;2673;4841;0;0;0;15:18:21;10/10/2016
18/10/2020;00:06:22;2016;2;Eleição Ordinária;1;220;ELEIÇÕES MUNICIPAIS 2016;02/10/2016;M;RJ;60011;RIO DE JANEIRO;60011;RIO DE JANEIRO;1;11;Prefeito;28357;64;36;28357;64;17822;10535;N;14646;1085;2091;0;0;0;13:55:48;01/12/2016
18/10/2020;00:06:22;2016;2;Eleição Ordinária;1;220;ELEIÇÕES MUNICIPAIS 2016;02/10/2016;M;RJ;58874;RIO CLARO;58874;RIO CLARO;108;11;Prefeito;15609;45;5;15609;45;12811;2798;N;12197;150;464;0;0;0;18:21:23;02/10/2016
18/10/2020;00:06:22;2016;2;Eleição Ordinária;2;221;ELEIÇÕES MUNICIPAIS 2016;30/10/2016;M;RJ;58971;SÃO GONÇALO;58971;SÃO GONÇALO;68;11;Prefeito;53365;144;1;53365;144;39823;13542;N;32431;1449;5943;0;0;0;19:10:20;30/10/2016
18/10/2020;00:06:22;2016;2;Eleição Ordinária;1;220;ELEIÇÕES MUNICIPAIS 2016;02/10/2016;M;RJ;60011;RIO DE JANEIRO;60011;RIO DE JANEIRO;242;13;Vereador;68893;170;0;68893;170;53487;15406;N;37946;4273;7533;3735;0;0;13:55:48;01/12/2016
18/10/2020;00:06:22;2016;2;Eleição Ordinária;2;221;ELEIÇÕES MUNICIPAIS 2016;30/10/2016;M;RJ;60011;RIO DE JANEIRO;60011;RIO DE JANEIRO;14;11;Prefeito;35865;85;0;35865;85;26151;9714;N;19976;1079;5096;0;0;0;20:40:16;30/10/2016
18/10/2020;00:06:22;2016;2;Eleição Ordinária;1;220;ELEIÇÕES MUNICIPAIS 2016;02/10/2016;M;RJ;58076;BARRA MANSA;58076;BARRA MANSA;94;11;Prefeito;47279;152;18;47279;152;37502;9777;N;31169;1762;4571;0;0;0;18:45:36;02/10/2016
18/10/2020;00:06:22;2016;2;Eleição Ordinária;1;220;ELEIÇÕES MUNICIPAIS 2016;02/10/2016;M;RJ;58475;MACAÉ;58475;MACAÉ;254;13;Vereador;72260;203;1;72260;203;56813;15447;N;48745;2550;2977;2541;0;0;18:00:25;31/10/2016
18/10/2020;00:06:22;2016;2;Eleição Ordinária;1;220;ELEIÇÕES MUNICIPAIS 2016;02/10/2016;M;RJ;60011;RIO DE JANEIRO;60011;RIO DE JANEIRO;229;11;Prefeito;60547;139;0;60547;139;43521;17026;N;35360;2498;5663;0;0;0;13:55:48;01/12/2016
18/10/2020;00:06:22;2016;2;Eleição Ordinária;2;221;ELEIÇÕES MUNICIPAIS 2016;30/10/2016;M;RJ;60011;RIO DE JANEIRO;60011;RIO DE JANEIRO;228;11;Prefeito;25973;73;0;25973;73;17971;8002;N;14134;601;3236;0;0;0;20:40:16;30/10/2016
18/10/2020;00:06:22;2016;2;Eleição Ordinária;1;220;ELEIÇÕES MUNICIPAIS 2016;02/10/2016;M;RJ;58378;ITABORAÍ;58378;ITABORAÍ;104;13;Vereador;91467;249;8;91467;249;74679;16788;N;64088;2359;4682;3550;0;0;13:43:45;11/11/2016
18/10/2020;00:06:22;2016;2;Eleição Ordinária;1;220;ELEIÇÕES MUNICIPAIS 2016;02/10/2016;M;RJ;58041;BELFORD ROXO;58041;BELFORD ROXO;153;11;Prefeito;76461;216;6;76461;216;61493;14968;N;47594;4523;9376;0;0;0;18:58:08;27/10/2016
18/10/2020;00:06:22;2016;2;Eleição Ordinária;1;220;ELEIÇÕES MUNICIPAIS 2016;02/10/2016;M;RJ;58343;SÃO JOSÉ DE UBÁ;58343;SÃO JOSÉ DE UBÁ;107;11;Prefeito;7195;22;4;7195;22;6449;746;N;6154;53;242;0;0;0;18:27:46;02/10/2016
18/10/2020;00:06:22;2016;2;Eleição Ordinária;1;220;ELEIÇÕES MUNICIPAIS 2016;02/10/2016;M;RJ;58211;CANTAGALO;58211;CANTAGALO;101;11;Prefeito;16471;61;11;16471;61;13494;2977;N;12517;264;713;0;0;0;19:03:46;02/10/2016
18/10/2020;00:06:22;2016;2;Eleição Ordinária;1;220;ELEIÇÕES MUNICIPAIS 2016;02/10/2016;M;RJ;60011;RIO DE JANEIRO;60011;RIO DE JANEIRO;241;11;Prefeito;62235;135;0;62235;135;50818;11417;N;40070;3746;7002;0;0;0;13:55:48;01/12/2016
18/10/2020;00:06:22;2016;2;Eleição Ordinária;2;221;ELEIÇÕES MUNICIPAIS 2016;30/10/2016;M;RJ;60011;RIO DE JANEIRO;60011;RIO DE JANEIRO;216;11;Prefeito;43783;101;2;43783;101;32463;11320;N;25474;1169;5820;0;0;0;20:40:16;30/10/2016
18/10/2020;00:06:22;2016;2;Eleição Ordinária;2;221;ELEIÇÕES MUNICIPAIS 2016;30/10/2016;M;RJ;60011;RIO DE JANEIRO;60011;RIO DE JANEIRO;192;11;Prefeito;65060;145;1;65060;145;47067;17993;N;36544;1933;8590;0;0;0;20:40:16;30/10/2016
18/10/2020;00:06:22;2016;2;Eleição Ordinária;1;220;ELEIÇÕES MUNICIPAIS 2016;02/10/2016;M;RJ;58351;ENGENHEIRO PAULO DE FRONTIN;58351;ENGENHEIRO PAULO DE FRONTIN;74;11;Prefeito;10615;38;0;10615;38;9336;1279;N;5806;163;3367;0;0;0;19:51:16;02/10/2016
18/10/2020;00:06:22;2016;2;Eleição Ordinária;1;220;ELEIÇÕES MUNICIPAIS 2016;02/10/2016;M;RJ;58092;BOM JARDIM;58092;BOM JARDIM;42;13;Vereador;21947;65;14;21947;65;17931;4016;N;15514;396;1051;970;0;0;18:30:28;27/10/2016
18/10/2020;00:06:22;2016;2;Eleição Ordinária;1;220;ELEIÇÕES MUNICIPAIS 2016;02/10/2016;M;RJ;58696;NOVA IGUAÇU;58696;NOVA IGUAÇU;156;13;Vereador;71753;198;10;71753;198;58493;13260;N;46508;2756;6537;2692;0;0;14:09:38;04/04/2018
18/10/2020;00:06:22;2016;2;Eleição Ordinária;1;220;ELEIÇÕES MUNICIPAIS 2016;02/10/2016;M;RJ;60011;RIO DE JANEIRO;60011;RIO DE JANEIRO;118;11;Prefeito;44188;100;0;44188;100;34265;9923;N;26761;2331;5173;0;0;0;13:55:48;01/12/2016
18/10/2020;00:06:22;2016;2;Eleição Ordinária;2;221;ELEIÇÕES MUNICIPAIS 2016;30/10/2016;M;RJ;60011;RIO DE JANEIRO;60011;RIO DE JANEIRO;120;11;Prefeito;75343;181;2;75343;181;60830;14513;N;49433;2433;8964;0;0;0;20:40:16;30/10/2016
18/10/2020;00:06:22;2016;2;Eleição Ordinária;2;221;ELEIÇÕES MUNICIPAIS 2016;30/10/2016;M;RJ;60011;RIO DE JANEIRO;60011;RIO DE JANEIRO;13;11;Prefeito;59329;145;1;59329;145;43633;15696;N;33503;1846;8284;0;0;0;20:40:16;30/10/2016
18/10/2020;00:06:22;2016;2;Eleição Ordinária;1;220;ELEIÇÕES MUNICIPAIS 2016;02/10/2016;M;RJ;58971;SÃO GONÇALO;58971;SÃO GONÇALO;137;11;Prefeito;59527;172;1;59527;172;46153;13374;N;34470;3594;8089;0;0;0;19:27:23;02/10/2016
18/10/2020;00:06:22;2016;2;Eleição Ordinária;1;220;ELEIÇÕES MUNICIPAIS 2016;02/10/2016;M;RJ;58394;ITAGUAÍ;58394;ITAGUAÍ;105;11;Prefeito;89731;264;7;89731;264;74305;15426;N;69462;1515;3328;0;0;0;11:25:22;03/11/2016
18/10/2020;00:06:22;2016;2;Eleição Ordinária;1;220;ELEIÇÕES MUNICIPAIS 2016;02/10/2016;M;RJ;60011;RIO DE JANEIRO;60011;RIO DE JANEIRO;178;11;Prefeito;38452;89;1;38452;89;30079;8373;N;24008;1883;4188;0;0;0;13:55:48;01/12/2016
18/10/2020;00:06:22;2016;2;Eleição Ordinária;2;221;ELEIÇÕES MUNICIPAIS 2016;30/10/2016;M;RJ;60011;RIO DE JANEIRO;60011;RIO DE JANEIRO;11;11;Prefeito;43730;112;0;43730;112;32039;11691;N;24589;1206;6244;0;0;0;20:40:16;30/10/2016
18/10/2020;00:06:22;2016;2;Eleição Ordinária;1;220;ELEIÇÕES MUNICIPAIS 2016;02/10/2016;M;RJ;60011;RIO DE JANEIRO;60011;RIO DE JANEIRO;177;11;Prefeito;47670;119;3;47670;119;36392;11278;N;29047;1929;5416;0;0;0;13:55:48;01/12/2016
18/10/2020;00:06:22;2016;2;Eleição Ordinária;1;220;ELEIÇÕES MUNICIPAIS 2016;02/10/2016;M;RJ;58084;VARRE-SAI;58084;VARRE-SAI;43;11;Prefeito;8154;22;1;8154;22;7013;1141;N;6579;113;321;0;0;0;18:33:40;02/10/2016
18/10/2020;00:06:22;2016;2;Eleição Ordinária;1;220;ELEIÇÕES MUNICIPAIS 2016;02/10/2016;M;RJ;58653;NITERÓI;58653;NITERÓI;142;13;Vereador;36130;113;3;36130;113;29478;6652;N;23417;1363;3250;1448;0;0;19:51:16;02/10/2016
18/10/2020;00:06:22;2016;2;Eleição Ordinária;1;220;ELEIÇÕES MUNICIPAIS 2016;02/10/2016;M;RJ;60011;RIO DE JANEIRO;60011;RIO DE JANEIRO;210;13;Vereador;44599;98;2;44599;98;35190;9409;N;24926;2404;5539;2321;0;0;13:55:48;01/12/2016
18/10/2020;00:06:22;2016;2;Eleição Ordinária;1;220;ELEIÇÕES MUNICIPAIS 2016;02/10/2016;M;RJ;58408;ARMAÇÃO DOS BÚZIOS;58408;ARMAÇÃO DOS BÚZIOS;172;11;Prefeito;25868;73;3;25868;73;21357;4511;N;20220;408;729;0;0;0;18:06:15;03/10/2016
18/10/2020;00:06:22;2016;2;Eleição Ordinária;2;221;ELEIÇÕES MUNICIPAIS 2016;30/10/2016;M;RJ;58335;DUQUE DE CAXIAS;58335;DUQUE DE CAXIAS;127;11;Prefeito;87617;254;7;87617;254;67212;20405;N;54954;3292;8966;0;0;0;18:40:20;30/10/2016
18/10/2020;00:06:22;2016;2;Eleição Ordinária;1;220;ELEIÇÕES MUNICIPAIS 2016;02/10/2016;M;RJ;60011;RIO DE JANEIRO;60011;RIO DE JANEIRO;165;11;Prefeito;28600;77;0;28600;77;19437;9163;N;18025;408;1004;0;0;0;13:55:48;01/12/2016
18/10/2020;00:06:22;2016;2;Eleição Ordinária;1;220;ELEIÇÕES MUNICIPAIS 2016;02/10/2016;M;RJ;58556;MENDES;58556;MENDES;56;11;Prefeito;15464;52;7;15464;52;12709;2755;N;11874;247;588;0;0;0;19:08:18;26/10/2016
18/10/2020;00:06:22;2016;2;Eleição Ordinária;2;221;ELEIÇÕES MUNICIPAIS 2016;30/10/2016;M;RJ;58971;SÃO GONÇALO;58971;SÃO GONÇALO;86;11;Prefeito;31028;89;1;31028;89;22405;8623;N;17737;1013;3655;0;0;0;19:10:20;30/10/2016
18/10/2020;00:06:22;2016;2;Eleição Ordinária;1;220;ELEIÇÕES MUNICIPAIS 2016;02/10/2016;M;RJ;58718;PARACAMBI;58718;PARACAMBI;70;13;Vereador;33886;97;8;33886;97;28726;5160;N;25138;560;1713;1315;0;0;18:27:32;02/10/2016
18/10/2020;00:06:22;2016;2;Eleição Ordinária;1;220;ELEIÇÕES MUNICIPAIS 2016;02/10/2016;M;RJ;58033;ARARUAMA;58033;ARARUAMA;92;13;Vereador;92990;238;25;92990;238;72761;20229;N;63890;1831;3370;3670;0;0;11:59:42;21/11/2016
18/10/2020;00:06:22;2016;2;Eleição Ordinária;1;220;ELEIÇÕES MUNICIPAIS 2016;02/10/2016;M;RJ;59013;SÃO JOÃO DE MERITI;59013;SÃO JOÃO DE MERITI;88;11;Prefeito;70740;202;2;70740;202;56488;14252;N;43491;3783;9214;0;0;0;19:21:19;02/10/2016
18/10/2020;00:06:22;2016;2;Eleição Ordinária;1;220;ELEIÇÕES MUNICIPAIS 2016;02/10/2016;M;RJ;58696;NOVA IGUAÇU;58696;NOVA IGUAÇU;82;13;Vereador;42562;126;5;42562;126;33475;9087;N;25473;1627;4807;1568;0;0;14:09:38;04/04/2018
18/10/2020;00:06:22;2016;2;Eleição Ordinária;1;220;ELEIÇÕES MUNICIPAIS 2016;02/10/2016;M;RJ;58203;RIO DAS OSTRAS;58203;RIO DAS OSTRAS;184;13;Vereador;84956;227;5;84956;227;64284;20672;N;54956;2139;4735;2454;0;0;13:25:18;19/12/2016
18/10/2020;00:06:22;2016;2;Eleição Ordinária;1;220;ELEIÇÕES MUNICIPAIS 2016;02/10/2016;M;RJ;58599;MIRACEMA;58599;MIRACEMA;112;13;Vereador;22432;71;2;22432;71;17687;4745;N;14638;306;1836;907;0;0;14:10:19;24/11/2016
18/10/2020;00:06:22;2016;2;Eleição Ordinária;1;220;ELEIÇÕES MUNICIPAIS 2016;02/10/2016;M;RJ;59030;SÃO PEDRO DA ALDEIA;59030;SÃO PEDRO DA ALDEIA;59;13;Vereador;62903;181;41;62903;181;49178;13725;N;43529;1379;2164;2106;0;0;12:50:20;30/11/2016
18/10/2020;00:06:22;2016;2;Eleição Ordinária;1;220;ELEIÇÕES MUNICIPAIS 2016;02/10/2016;M;RJ;58653;NITERÓI;58653;NITERÓI;71;13;Vereador;45525;131;0;45525;131;37126;8399;N;28530;1881;4893;1822;0;0;19:51:16;02/10/2016
18/10/2020;00:06:22;2016;2;Eleição Ordinária;1;220;ELEIÇÕES MUNICIPAIS 2016;02/10/2016;M;RJ;58653;NITERÓI;58653;NITERÓI;140;11;Prefeito;23601;92;2;23601;92;18455;5146;N;14076;941;3438;0;0;0;19:51:16;02/10/2016
18/10/2020;00:06:22;2016;2;Eleição Ordinária;2;221;ELEIÇÕES MUNICIPAIS 2016;30/10/2016;M;RJ;58653;NITERÓI;58653;NITERÓI;115;11;Prefeito;30603;100;5;30603;100;23812;6791;N;18843;1024;3945;0;0;0;19:20:40;30/10/2016
18/10/2020;00:06:22;2016;2;Eleição Ordinária;1;220;ELEIÇÕES MUNICIPAIS 2016;02/10/2016;M;RJ;58831;RESENDE;58831;RESENDE;31;11;Prefeito;58783;183;14;58783;183;47917;10866;N;44171;1093;2653;0;0;0;12:40:38;09/12/2016
18/10/2020;00:06:22;2016;2;Eleição Ordinária;1;220;ELEIÇÕES MUNICIPAIS 2016;02/10/2016;M;RJ;58092;BOM JARDIM;58092;BOM JARDIM;42;11;Prefeito;21947;65;14;21947;65;17931;4016;N;16061;373;1497;0;0;0;18:27:35;02/10/2016
18/10/2020;00:06:22;2016;2;Eleição Ordinária;2;221;ELEIÇÕES MUNICIPAIS 2016;30/10/2016;M;RJ;58696;NOVA IGUAÇU;58696;NOVA IGUAÇU;67;11;Prefeito;42354;119;14;42354;119;31290;11064;N;26407;1288;3595;0;0;0;19:45:35;30/10/2016
18/10/2020;00:06:22;2016;2;Eleição Ordinária;1;220;ELEIÇÕES MUNICIPAIS 2016;02/10/2016;M;RJ;59170;TRAJANO DE MORAES;59170;TRAJANO DE MORAES;39;11;Prefeito;9140;30;7;9140;30;7779;1361;N;7240;110;429;0;0;0;19:21:16;02/10/2016
18/10/2020;00:06:22;2016;2;Eleição Ordinária;2;221;ELEIÇÕES MUNICIPAIS 2016;30/10/2016;M;RJ;58971;SÃO GONÇALO;58971;SÃO GONÇALO;36;11;Prefeito;49952;142;0;49952;142;36816;13136;N;31352;1140;4324;0;0;0;19:10:20;30/10/2016
18/10/2020;00:06:22;2016;2;Eleição Ordinária;2;221;ELEIÇÕES MUNICIPAIS 2016;30/10/2016;M;RJ;58335;DUQUE DE CAXIAS;58335;DUQUE DE CAXIAS;103;11;Prefeito;63582;201;2;63582;201;46630;16952;N;39898;1427;5305;0;0;0;18:40:20;30/10/2016
18/10/2020;00:06:22;2016;2;Eleição Ordinária;1;220;ELEIÇÕES MUNICIPAIS 2016;02/10/2016;M;RJ;60011;RIO DE JANEIRO;60011;RIO DE JANEIRO;15;11;Prefeito;34693;88;2;34693;88;25736;8957;N;20605;1307;3824;0;0;0;13:55:48;01/12/2016
18/10/2020;00:06:22;2016;2;Eleição Ordinária;1;220;ELEIÇÕES MUNICIPAIS 2016;02/10/2016;M;RJ;60011;RIO DE JANEIRO;60011;RIO DE JANEIRO;118;13;Vereador;44188;100;0;44188;100;34265;9923;N;24585;2698;4789;2193;0;0;13:55:48;01/12/2016
18/10/2020;00:06:22;2016;2;Eleição Ordinária;1;220;ELEIÇÕES MUNICIPAIS 2016;02/10/2016;M;RJ;60011;RIO DE JANEIRO;60011;RIO DE JANEIRO;23;13;Vereador;53611;129;2;53611;129;41621;11990;N;31449;2909;4778;2485;0;0;13:55:48;01/12/2016
18/10/2020;00:06:22;2016;2;Eleição Ordinária;1;220;ELEIÇÕES MUNICIPAIS 2016;02/10/2016;M;RJ;59013;SÃO JOÃO DE MERITI;59013;SÃO JOÃO DE MERITI;46;11;Prefeito;35424;97;35;35424;97;26850;8574;N;20219;1788;4843;0;0;0;19:21:19;02/10/2016
18/10/2020;00:06:22;2016;2;Eleição Ordinária;1;220;ELEIÇÕES MUNICIPAIS 2016;02/10/2016;M;RJ;58653;NITERÓI;58653;NITERÓI;72;11;Prefeito;50042;160;0;50042;160;42522;7520;N;31976;3150;7396;0;0;0;19:51:16;02/10/2016
18/10/2020;00:06:22;2016;2;Eleição Ordinária;1;220;ELEIÇÕES MUNICIPAIS 2016;02/10/2016;M;RJ;58971;SÃO GONÇALO;58971;SÃO GONÇALO;137;13;Vereador;59527;172;1;59527;172;46153;13374;N;35463;2929;5393;2368;0;0;19:27:23;02/10/2016
18/10/2020;00:06:22;2016;2;Eleição Ordinária;2;221;ELEIÇÕES MUNICIPAIS 2016;30/10/2016;M;RJ;60011;RIO DE JANEIRO;60011;RIO DE JANEIRO;176;11;Prefeito;48324;113;3;48324;113;36260;12064;N;28607;1609;6044;0;0;0;20:40:16;30/10/2016
18/10/2020;00:06:22;2016;2;Eleição Ordinária;1;220;ELEIÇÕES MUNICIPAIS 2016;02/10/2016;M;RJ;59137;SUMIDOURO;59137;SUMIDOURO;64;13;Vereador;13730;44;16;13730;44;11816;1914;N;10742;183;221;670;0;0;18:27:33;02/10/2016
18/10/2020;00:06:22;2016;2;Eleição Ordinária;1;220;ELEIÇÕES MUNICIPAIS 2016;02/10/2016;M;RJ;58327;PORTO REAL;58327;PORTO REAL;183;13;Vereador;16931;47;2;16931;47;14923;2008;N;13524;145;639;615;0;0;18:21:35;02/10/2016
18/10/2020;00:06:22;2016;2;Eleição Ordinária;1;220;ELEIÇÕES MUNICIPAIS 2016;02/10/2016;M;RJ;58190;CAMPOS DOS GOYTACAZES;58190;CAMPOS DOS GOYTACAZES;99;11;Prefeito;37801;121;0;37801;121;30204;7597;N;28580;480;1144;0;0;0;14:44:28;16/11/2016
18/10/2020;00:06:22;2016;2;Eleição Ordinária;1;220;ELEIÇÕES MUNICIPAIS 2016;02/10/2016;M;RJ;60011;RIO DE JANEIRO;60011;RIO DE JANEIRO;212;11;Prefeito;26022;68;0;26022;68;18428;7594;N;16800;443;1185;0;0;0;13:55:48;01/12/2016
18/10/2020;00:06:22;2016;2;Eleição Ordinária;1;220;ELEIÇÕES MUNICIPAIS 2016;02/10/2016;M;RJ;59013;SÃO JOÃO DE MERITI;59013;SÃO JOÃO DE MERITI;145;13;Vereador;52983;155;9;52983;155;42021;10962;N;34785;1758;3888;1590;0;0;16:32:42;06/10/2016
18/10/2020;00:06:22;2016;2;Eleição Ordinária;1;220;ELEIÇÕES MUNICIPAIS 2016;02/10/2016;M;RJ;60011;RIO DE JANEIRO;60011;RIO DE JANEIRO;170;11;Prefeito;53887;121;0;53887;121;39857;14030;N;34338;1370;4149;0;0;0;13:55:48;01/12/2016
18/10/2020;00:06:22;2016;2;Eleição Ordinária;1;220;ELEIÇÕES MUNICIPAIS 2016;02/10/2016;M;RJ;58998;SÃO JOÃO DA BARRA;58998;SÃO JOÃO DA BARRA;37;13;Vereador;37631;105;7;37631;105;32206;5425;N;30070;446;606;1084;0;0;19:58:17;02/10/2016
18/10/2020;00:06:22;2016;2;Eleição Ordinária;1;220;ELEIÇÕES MUNICIPAIS 2016;02/10/2016;M;RJ;60011;RIO DE JANEIRO;60011;RIO DE JANEIRO;119;11;Prefeito;79216;170;2;79216;170;59951;19265;N;53545;2045;4361;0;0;0;13:55:48;01/12/2016
18/10/2020;00:06:22;2016;2;Eleição Ordinária;1;220;ELEIÇÕES MUNICIPAIS 2016;02/10/2016;M;RJ;58637;NILÓPOLIS;58637;NILÓPOLIS;221;11;Prefeito;31185;92;3;31185;92;26052;5133;N;23526;684;1842;0;0;0;18:39:39;02/10/2016
18/10/2020;00:06:22;2016;2;Eleição Ordinária;1;220;ELEIÇÕES MUNICIPAIS 2016;02/10/2016;M;RJ;58270;CONCEIÇÃO DE MACABU;58270;CONCEIÇÃO DE MACABU;51;11;Prefeito;17631;65;8;17631;65;14202;3429;N;11224;343;2635;0;0;0;14:44:20;29/12/2016
18/10/2020;00:06:22;2016;2;Eleição Ordinária;1;220;ELEIÇÕES MUNICIPAIS 2016;02/10/2016;M;RJ;59196;TRÊS RIOS;59196;TRÊS RIOS;174;11;Prefeito;39923;113;15;39923;113;33320;6603;N;29741;1218;2361;0;0;0;19:21:15;02/10/2016
18/10/2020;00:06:22;2016;2;Eleição Ordinária;1;220;ELEIÇÕES MUNICIPAIS 2016;02/10/2016;M;RJ;58165;COMENDADOR LEVY GASPARIAN;58165;COMENDADOR LEVY GASPARIAN;40;13;Vereador;7745;25;2;7745;25;6981;764;N;6435;84;164;298;0;0;18:51:19;02/10/2016
18/10/2020;00:06:22;2016;2;Eleição Ordinária;1;220;ELEIÇÕES MUNICIPAIS 2016;02/10/2016;M;RJ;60011;RIO DE JANEIRO;60011;RIO DE JANEIRO;188;13;Vereador;47085;113;7;47085;113;36225;10860;N;27115;2632;4099;2379;0;0;13:55:48;01/12/2016
18/10/2020;00:06:22;2016;2;Eleição Ordinária;1;220;ELEIÇÕES MUNICIPAIS 2016;02/10/2016;M;RJ;60011;RIO DE JANEIRO;60011;RIO DE JANEIRO;7;13;Vereador;72571;174;0;72571;174;52498;20073;N;38549;2850;6692;4407;0;0;13:55:48;01/12/2016
18/10/2020;00:06:22;2016;2;Eleição Ordinária;1;220;ELEIÇÕES MUNICIPAIS 2016;02/10/2016;M;RJ;60011;RIO DE JANEIRO;60011;RIO DE JANEIRO;117;11;Prefeito;47290;115;0;47290;115;35060;12230;N;27825;1820;5415;0;0;0;13:55:48;01/12/2016
18/10/2020;00:06:22;2016;2;Eleição Ordinária;1;220;ELEIÇÕES MUNICIPAIS 2016;02/10/2016;M;RJ;58971;SÃO GONÇALO;58971;SÃO GONÇALO;69;13;Vereador;82354;223;6;82354;223;65999;16355;N;50177;4559;7525;3738;0;0;19:27:23;02/10/2016
18/10/2020;00:06:22;2016;2;Eleição Ordinária;1;220;ELEIÇÕES MUNICIPAIS 2016;02/10/2016;M;RJ;58190;CAMPOS DOS GOYTACAZES;58190;CAMPOS DOS GOYTACAZES;100;13;Vereador;36987;110;10;36987;110;29592;7395;N;26184;662;717;2029;0;0;13:52:20;08/04/2019
18/10/2020;00:06:22;2016;2;Eleição Ordinária;2;221;ELEIÇÕES MUNICIPAIS 2016;30/10/2016;M;RJ;60011;RIO DE JANEIRO;60011;RIO DE JANEIRO;243;11;Prefeito;63519;140;5;63519;140;50029;13490;N;40830;2495;6704;0;0;0;20:40:16;30/10/2016
18/10/2020;00:06:22;2016;2;Eleição Ordinária;1;220;ELEIÇÕES MUNICIPAIS 2016;02/10/2016;M;RJ;58874;RIO CLARO;58874;RIO CLARO;108;13;Vereador;15609;45;5;15609;45;12811;2798;N;11507;201;390;713;0;0;18:21:23;02/10/2016
18/10/2020;00:06:22;2016;2;Eleição Ordinária;1;220;ELEIÇÕES MUNICIPAIS 2016;02/10/2016;M;RJ;58653;NITERÓI;58653;NITERÓI;199;13;Vereador;65659;200;5;65659;200;53916;11743;N;41768;2985;6357;2806;0;0;19:51:16;02/10/2016
18/10/2020;00:06:22;2016;2;Eleição Ordinária;1;220;ELEIÇÕES MUNICIPAIS 2016;02/10/2016;M;RJ;60011;RIO DE JANEIRO;60011;RIO DE JANEIRO;215;13;Vereador;40518;96;3;40518;96;30225;10293;N;21441;1911;4649;2224;0;0;13:55:48;01/12/2016
18/10/2020;00:06:22;2016;2;Eleição Ordinária;1;220;ELEIÇÕES MUNICIPAIS 2016;02/10/2016;M;RJ;60011;RIO DE JANEIRO;60011;RIO DE JANEIRO;235;13;Vereador;37940;91;0;37940;91;29388;8552;N;21374;2153;3885;1976;0;0;13:55:48;01/12/2016
18/10/2020;00:06:22;2016;2;Eleição Ordinária;1;220;ELEIÇÕES MUNICIPAIS 2016;02/10/2016;M;RJ;59099;SAQUAREMA;59099;SAQUAREMA;62;11;Prefeito;63502;175;27;63502;175;49525;13977;N;45211;1071;3243;0;0;0;19:45:36;02/10/2016
18/10/2020;00:06:22;2016;2;Eleição Ordinária;1;220;ELEIÇÕES MUNICIPAIS 2016;02/10/2016;M;RJ;60011;RIO DE JANEIRO;60011;RIO DE JANEIRO;232;11;Prefeito;33008;78;0;33008;78;25080;7928;N;20045;1372;3663;0;0;0;13:55:48;01/12/2016
18/10/2020;00:06:22;2016;2;Eleição Ordinária;2;221;ELEIÇÕES MUNICIPAIS 2016;30/10/2016;M;RJ;60011;RIO DE JANEIRO;60011;RIO DE JANEIRO;182;11;Prefeito;86695;200;7;86695;200;65517;21178;N;52194;2923;10400;0;0;0;20:40:16;30/10/2016
18/10/2020;00:06:22;2016;2;Eleição Ordinária;2;221;ELEIÇÕES MUNICIPAIS 2016;30/10/2016;M;RJ;60011;RIO DE JANEIRO;60011;RIO DE JANEIRO;23;11;Prefeito;53611;129;2;53611;129;40168;13443;N;32152;1622;6394;0;0;0;20:40:16;30/10/2016
18/10/2020;00:06:22;2016;2;Eleição Ordinária;2;221;ELEIÇÕES MUNICIPAIS 2016;30/10/2016;M;RJ;60011;RIO DE JANEIRO;60011;RIO DE JANEIRO;238;11;Prefeito;47833;101;4;47833;101;36797;11036;N;29979;1411;5407;0;0;0;20:40:16;30/10/2016
18/10/2020;00:06:22;2016;2;Eleição Ordinária;1;220;ELEIÇÕES MUNICIPAIS 2016;02/10/2016;M;RJ;58335;DUQUE DE CAXIAS;58335;DUQUE DE CAXIAS;66;11;Prefeito;37338;102;9;37338;102;28821;8517;N;23730;1294;3797;0;0;0;19:33:46;02/10/2016
18/10/2020;00:06:22;2016;2;Eleição Ordinária;1;220;ELEIÇÕES MUNICIPAIS 2016;02/10/2016;M;RJ;58327;PORTO REAL;58327;PORTO REAL;183;11;Prefeito;16931;47;2;16931;47;14923;2008;N;14388;112;423;0;0;0;18:21:35;02/10/2016
18/10/2020;00:06:22;2016;2;Eleição Ordinária;1;220;ELEIÇÕES MUNICIPAIS 2016;02/10/2016;M;RJ;58653;NITERÓI;58653;NITERÓI;115;13;Vereador;30603;100;5;30603;100;25122;5481;N;20179;1171;2605;1167;0;0;19:51:16;02/10/2016
18/10/2020;00:06:22;2016;2;Eleição Ordinária;1;220;ELEIÇÕES MUNICIPAIS 2016;02/10/2016;M;RJ;58670;NOVA FRIBURGO;58670;NOVA FRIBURGO;222;11;Prefeito;50195;162;23;50195;162;40272;9923;N;34872;1642;3758;0;0;0;19:45:40;02/10/2016
18/10/2020;00:06:22;2016;2;Eleição Ordinária;2;221;ELEIÇÕES MUNICIPAIS 2016;30/10/2016;M;RJ;58971;SÃO GONÇALO;58971;SÃO GONÇALO;137;11;Prefeito;59527;172;1;59527;172;43885;15642;N;35184;1842;6859;0;0;0;19:10:20;30/10/2016
18/10/2020;00:06:22;2016;2;Eleição Ordinária;1;220;ELEIÇÕES MUNICIPAIS 2016;02/10/2016;M;RJ;58246;PINHEIRAL;58246;PINHEIRAL;30;11;Prefeito;17682;48;6;17682;48;15117;2565;N;14284;209;624;0;0;0;19:21:15;02/10/2016
18/10/2020;00:06:22;2016;2;Eleição Ordinária;2;221;ELEIÇÕES MUNICIPAIS 2016;30/10/2016;M;RJ;58696;NOVA IGUAÇU;58696;NOVA IGUAÇU;157;11;Prefeito;90711;251;2;90711;251;68960;21751;N;58340;2453;8167;0;0;0;19:45:35;30/10/2016
18/10/2020;00:06:22;2016;2;Eleição Ordinária;1;220;ELEIÇÕES MUNICIPAIS 2016;02/10/2016;M;RJ;58696;NOVA IGUAÇU;58696;NOVA IGUAÇU;159;13;Vereador;77365;214;0;77365;214;61711;15654;N;44280;3554;10726;3151;0;0;14:09:38;04/04/2018
18/10/2020;00:06:22;2016;2;Eleição Ordinária;2;221;ELEIÇÕES MUNICIPAIS 2016;30/10/2016;M;RJ;58777;PETRÓPOLIS;58777;PETRÓPOLIS;65;11;Prefeito;60633;179;27;60633;179;45758;14875;N;39074;1581;5103;0;0;0;19:20:40;30/10/2016
18/10/2020;00:06:22;2016;2;Eleição Ordinária;1;220;ELEIÇÕES MUNICIPAIS 2016;02/10/2016;M;RJ;60011;RIO DE JANEIRO;60011;RIO DE JANEIRO;171;13;Vereador;42026;100;2;42026;100;30499;11527;N;21792;2252;3809;2646;0;0;13:55:48;01/12/2016
18/10/2020;00:06:22;2016;2;Eleição Ordinária;1;220;ELEIÇÕES MUNICIPAIS 2016;02/10/2016;M;RJ;58335;DUQUE DE CAXIAS;58335;DUQUE DE CAXIAS;126;13;Vereador;101650;268;0;101650;268;83692;17958;N;66997;4157;8285;4253;0;0;19:33:46;02/10/2016
18/10/2020;00:06:22;2016;2;Eleição Ordinária;1;220;ELEIÇÕES MUNICIPAIS 2016;02/10/2016;M;RJ;60011;RIO DE JANEIRO;60011;RIO DE JANEIRO;120;11;Prefeito;75343;181;2;75343;181;62450;12893;N;50201;3593;8656;0;0;0;13:55:48;01/12/2016
18/10/2020;00:06:22;2016;2;Eleição Ordinária;2;221;ELEIÇÕES MUNICIPAIS 2016;30/10/2016;M;RJ;60011;RIO DE JANEIRO;60011;RIO DE JANEIRO;165;11;Prefeito;28600;77;0;28600;77;18535;10065;N;14042;885;3608;0;0;0;20:40:16;30/10/2016
18/10/2020;00:06:22;2016;2;Eleição Ordinária;1;220;ELEIÇÕES MUNICIPAIS 2016;02/10/2016;M;RJ;58777;PETRÓPOLIS;58777;PETRÓPOLIS;226;11;Prefeito;40140;121;9;40140;121;32000;8140;N;26449;1929;3622;0;0;0;11:10:43;03/11/2016
18/10/2020;00:06:22;2016;2;Eleição Ordinária;1;220;ELEIÇÕES MUNICIPAIS 2016;02/10/2016;M;RJ;59331;SÃO JOSÉ DO VALE DO RIO PRETO;59331;SÃO JOSÉ DO VALE DO RIO PRETO;196;13;Vereador;15955;51;3;15955;51;12942;3013;N;11600;226;325;791;0;0;18:04:00;02/10/2016
18/10/2020;00:06:22;2016;2;Eleição Ordinária;1;220;ELEIÇÕES MUNICIPAIS 2016;02/10/2016;M;RJ;60011;RIO DE JANEIRO;60011;RIO DE JANEIRO;234;11;Prefeito;48263;103;0;48263;103;38373;9890;N;29825;2491;6057;0;0;0;13:55:48;01/12/2016
18/10/2020;00:06:22;2016;1;Eleição Suplementar;1;347;RJ - SUPLEMENTAR DE APERIBÉ;28/10/2018;M;RJ;58181;APERIBÉ;58181;APERIBÉ;34;11;Prefeito;8960;30;1;8960;30;7483;1477;N;7178;48;257;0;0;0;18:27:30;28/10/2018
18/10/2020;00:06:22;2016;2;Eleição Ordinária;1;220;ELEIÇÕES MUNICIPAIS 2016;02/10/2016;M;RJ;58300;CARAPEBUS;58300;CARAPEBUS;255;13;Vereador;12363;33;3;12363;33;10742;1621;N;9675;170;433;464;0;0;18:27:54;02/10/2016
18/10/2020;00:06:22;2016;2;Eleição Ordinária;2;221;ELEIÇÕES MUNICIPAIS 2016;30/10/2016;M;RJ;60011;RIO DE JANEIRO;60011;RIO DE JANEIRO;169;11;Prefeito;52542;124;0;52542;124;38124;14418;N;30784;1591;5749;0;0;0;20:40:16;30/10/2016
18/10/2020;00:06:22;2016;2;Eleição Ordinária;2;221;ELEIÇÕES MUNICIPAIS 2016;30/10/2016;M;RJ;60011;RIO DE JANEIRO;60011;RIO DE JANEIRO;234;11;Prefeito;48263;103;0;48263;103;37348;10915;N;29510;1634;6204;0;0;0;20:40:16;30/10/2016
18/10/2020;00:06:22;2016;2;Eleição Ordinária;1;220;ELEIÇÕES MUNICIPAIS 2016;02/10/2016;M;RJ;58777;PETRÓPOLIS;58777;PETRÓPOLIS;85;11;Prefeito;40676;131;5;40676;131;30205;10471;N;23566;1696;4943;0;0;0;11:10:43;03/11/2016
18/10/2020;00:06:22;2016;2;Eleição Ordinária;1;220;ELEIÇÕES MUNICIPAIS 2016;02/10/2016;M;RJ;58440;ITATIAIA;58440;ITATIAIA;198;11;Prefeito;25182;66;12;25182;66;21004;4178;N;19378;508;1118;0;0;0;20:11:36;02/10/2016
18/10/2020;00:06:22;2016;2;Eleição Ordinária;1;220;ELEIÇÕES MUNICIPAIS 2016;02/10/2016;M;RJ;58572;MIGUEL PEREIRA;58572;MIGUEL PEREIRA;48;13;Vereador;22910;70;4;22910;70;18420;4490;N;16632;330;591;867;0;0;19:13:02;02/10/2016
18/10/2020;00:06:22;2016;2;Eleição Ordinária;1;220;ELEIÇÕES MUNICIPAIS 2016;02/10/2016;M;RJ;59170;TRAJANO DE MORAES;59170;TRAJANO DE MORAES;39;13;Vereador;9140;30;7;9140;30;7779;1361;N;7015;65;198;501;0;0;19:21:16;02/10/2016
18/10/2020;00:06:22;2016;2;Eleição Ordinária;1;220;ELEIÇÕES MUNICIPAIS 2016;02/10/2016;M;RJ;58653;NITERÓI;58653;NITERÓI;143;13;Vereador;31072;104;4;31072;104;25343;5729;N;19729;1296;3013;1305;0;0;19:51:16;02/10/2016
18/10/2020;00:06:22;2016;2;Eleição Ordinária;1;220;ELEIÇÕES MUNICIPAIS 2016;02/10/2016;M;RJ;58637;NILÓPOLIS;58637;NILÓPOLIS;44;11;Prefeito;29530;97;9;29530;97;24828;4702;N;22689;538;1601;0;0;0;18:39:39;02/10/2016
18/10/2020;00:06:22;2016;2;Eleição Ordinária;1;220;ELEIÇÕES MUNICIPAIS 2016;02/10/2016;M;RJ;58750;PARATY;58750;PARATY;57;11;Prefeito;28799;79;19;28799;79;23196;5603;N;21710;336;1150;0;0;0;12:00:32;01/11/2016
18/10/2020;00:06:22;2016;2;Eleição Ordinária;1;220;ELEIÇÕES MUNICIPAIS 2016;02/10/2016;M;RJ;58971;SÃO GONÇALO;58971;SÃO GONÇALO;136;11;Prefeito;49249;143;2;49249;143;38203;11046;N;28902;2932;6369;0;0;0;19:27:23;02/10/2016
18/10/2020;00:06:22;2016;2;Eleição Ordinária;1;220;ELEIÇÕES MUNICIPAIS 2016;02/10/2016;M;RJ;59056;SÃO SEBASTIÃO DO ALTO;59056;SÃO SEBASTIÃO DO ALTO;60;11;Prefeito;7969;28;2;7969;28;6688;1281;N;6281;105;302;0;0;0;15:45:18;08/11/2016
18/10/2020;00:06:22;2016;2;Eleição Ordinária;1;220;ELEIÇÕES MUNICIPAIS 2016;02/10/2016;M;RJ;60011;RIO DE JANEIRO;60011;RIO DE JANEIRO;20;11;Prefeito;46947;110;1;46947;110;35146;11801;N;29163;1404;4579;0;0;0;13:55:48;01/12/2016
18/10/2020;00:06:22;2016;2;Eleição Ordinária;1;220;ELEIÇÕES MUNICIPAIS 2016;02/10/2016;M;RJ;58190;CAMPOS DOS GOYTACAZES;58190;CAMPOS DOS GOYTACAZES;100;11;Prefeito;36987;110;10;36987;110;29592;7395;N;27727;593;1272;0;0;0;14:44:28;16/11/2016
18/10/2020;00:06:22;2016;2;Eleição Ordinária;1;220;ELEIÇÕES MUNICIPAIS 2016;02/10/2016;M;RJ;58971;SÃO GONÇALO;58971;SÃO GONÇALO;36;11;Prefeito;49952;142;0;49952;142;38406;11546;N;30533;2253;5620;0;0;0;19:27:23;02/10/2016
18/10/2020;00:06:22;2016;2;Eleição Ordinária;2;221;ELEIÇÕES MUNICIPAIS 2016;30/10/2016;M;RJ;58971;SÃO GONÇALO;58971;SÃO GONÇALO;132;11;Prefeito;88226;238;6;88226;238;66305;21921;N;53463;3277;9565;0;0;0;19:10:20;30/10/2016
18/10/2020;00:06:22;2016;2;Eleição Ordinária;1;220;ELEIÇÕES MUNICIPAIS 2016;02/10/2016;M;RJ;60011;RIO DE JANEIRO;60011;RIO DE JANEIRO;216;13;Vereador;43783;101;2;43783;101;33380;10403;N;23514;2393;5041;2432;0;0;13:55:48;01/12/2016
18/10/2020;00:06:22;2016;2;Eleição Ordinária;1;220;ELEIÇÕES MUNICIPAIS 2016;02/10/2016;M;RJ;58831;RESENDE;58831;RESENDE;31;13;Vereador;58783;183;14;58783;183;47917;10866;N;40813;1629;3249;2226;0;0;12:40:38;09/12/2016
18/10/2020;00:06:22;2016;2;Eleição Ordinária;1;220;ELEIÇÕES MUNICIPAIS 2016;02/10/2016;M;RJ;58220;AREAL;58220;AREAL;174;13;Vereador;9672;28;4;9672;28;8319;1353;N;7422;135;228;534;0;0;15:12:20;17/01/2017
18/10/2020;00:06:22;2016;2;Eleição Ordinária;2;221;ELEIÇÕES MUNICIPAIS 2016;30/10/2016;M;RJ;60011;RIO DE JANEIRO;60011;RIO DE JANEIRO;193;11;Prefeito;39572;87;0;39572;87;29163;10409;N;24511;1325;3327;0;0;0;20:40:16;30/10/2016
18/10/2020;00:06:22;2016;2;Eleição Ordinária;1;220;ELEIÇÕES MUNICIPAIS 2016;02/10/2016;M;RJ;58718;PARACAMBI;58718;PARACAMBI;70;11;Prefeito;33886;97;8;33886;97;28726;5160;N;26499;574;1653;0;0;0;18:27:32;02/10/2016
18/10/2020;00:06:22;2016;2;Eleição Ordinária;2;221;ELEIÇÕES MUNICIPAIS 2016;30/10/2016;M;RJ;58696;NOVA IGUAÇU;58696;NOVA IGUAÇU;82;11;Prefeito;42562;126;5;42562;126;31637;10925;N;26694;1069;3874;0;0;0;19:45:35;30/10/2016
18/10/2020;00:06:22;2016;2;Eleição Ordinária;1;220;ELEIÇÕES MUNICIPAIS 2016;02/10/2016;M;RJ;58912;SANTA MARIA MADALENA;58912;SANTA MARIA MADALENA;33;13;Vereador;8838;32;3;8838;32;7402;1436;N;6742;68;215;377;0;0;19:21:16;02/10/2016
18/10/2020;00:06:22;2016;2;Eleição Ordinária;1;220;ELEIÇÕES MUNICIPAIS 2016;02/10/2016;M;RJ;58076;BARRA MANSA;58076;BARRA MANSA;203;13;Vereador;42057;129;1;42057;129;34131;7926;N;28600;1537;2388;1606;0;0;15:14:19;24/11/2016
18/10/2020;00:06:22;2016;2;Eleição Ordinária;1;220;ELEIÇÕES MUNICIPAIS 2016;02/10/2016;M;RJ;58670;NOVA FRIBURGO;58670;NOVA FRIBURGO;81;11;Prefeito;36331;100;9;36331;100;28393;7938;N;24701;999;2693;0;0;0;19:45:40;02/10/2016
18/10/2020;00:06:22;2016;2;Eleição Ordinária;1;220;ELEIÇÕES MUNICIPAIS 2016;02/10/2016;M;RJ;58130;CABO FRIO;58130;CABO FRIO;256;11;Prefeito;71745;197;12;71745;197;56211;15534;N;50701;1759;3751;0;0;0;11:50:28;03/11/2016
18/10/2020;00:06:22;2016;2;Eleição Ordinária;1;220;ELEIÇÕES MUNICIPAIS 2016;02/10/2016;M;RJ;60011;RIO DE JANEIRO;60011;RIO DE JANEIRO;17;11;Prefeito;49447;128;0;49447;128;34029;15418;N;31048;845;2136;0;0;0;13:55:48;01/12/2016
18/10/2020;00:06:22;2016;2;Eleição Ordinária;1;220;ELEIÇÕES MUNICIPAIS 2016;02/10/2016;M;RJ;58491;MAGÉ;58491;MAGÉ;110;11;Prefeito;87347;260;37;87347;260;70423;16924;N;62347;2576;5500;0;0;0;15:51:04;31/10/2016
18/10/2020;00:06:22;2016;2;Eleição Ordinária;1;220;ELEIÇÕES MUNICIPAIS 2016;02/10/2016;M;RJ;60011;RIO DE JANEIRO;60011;RIO DE JANEIRO;245;11;Prefeito;68141;156;8;68141;156;54622;13519;N;43579;3348;7695;0;0;0;13:55:48;01/12/2016
18/10/2020;00:06:22;2016;2;Eleição Ordinária;1;220;ELEIÇÕES MUNICIPAIS 2016;02/10/2016;M;RJ;58467;MESQUITA;58467;MESQUITA;83;11;Prefeito;63640;172;4;63640;172;51674;11966;N;42312;2546;6816;0;0;0;14:00:34;21/10/2016
18/10/2020;00:06:22;2016;2;Eleição Ordinária;1;220;ELEIÇÕES MUNICIPAIS 2016;02/10/2016;M;RJ;60011;RIO DE JANEIRO;60011;RIO DE JANEIRO;119;13;Vereador;79216;170;2;79216;170;59951;19265;N;45224;4032;5890;4805;0;0;13:55:48;01/12/2016
18/10/2020;00:06:22;2016;2;Eleição Ordinária;1;220;ELEIÇÕES MUNICIPAIS 2016;02/10/2016;M;RJ;59153;TERESÓPOLIS;59153;TERESÓPOLIS;38;11;Prefeito;57328;162;15;57328;162;43244;14084;N;37180;1610;4454;0;0;0;12:05:46;31/10/2016
18/10/2020;00:06:22;2016;1;Eleição Suplementar;1;348;RJ - SUPLEMENTAR DE LAJE DO MURIAÉ;28/10/2018;M;RJ;58459;LAJE DO MURIAÉ;58459;LAJE DO MURIAÉ;112;11;Prefeito;7271;21;0;7271;21;5970;1301;N;5667;59;244;0;0;0;18:03:08;28/10/2018
18/10/2020;00:06:22;2016;2;Eleição Ordinária;1;220;ELEIÇÕES MUNICIPAIS 2016;02/10/2016;M;RJ;60011;RIO DE JANEIRO;60011;RIO DE JANEIRO;220;11;Prefeito;42872;93;1;42872;93;32897;9975;N;26382;2270;4245;0;0;0;13:55:48;01/12/2016
18/10/2020;00:06:22;2016;2;Eleição Ordinária;1;220;ELEIÇÕES MUNICIPAIS 2016;02/10/2016;M;RJ;58262;IGUABA GRANDE;58262;IGUABA GRANDE;181;13;Vereador;21857;73;2;21857;73;17209;4648;N;15482;270;811;646;0;0;15:57:27;27/12/2016
18/10/2020;00:06:22;2016;2;Eleição Ordinária;2;221;ELEIÇÕES MUNICIPAIS 2016;30/10/2016;M;RJ;60011;RIO DE JANEIRO;60011;RIO DE JANEIRO;231;11;Prefeito;40637;97;0;40637;97;30457;10180;N;24525;1153;4779;0;0;0;20:40:16;30/10/2016
18/10/2020;00:06:22;2016;2;Eleição Ordinária;2;221;ELEIÇÕES MUNICIPAIS 2016;30/10/2016;M;RJ;60011;RIO DE JANEIRO;60011;RIO DE JANEIRO;166;11;Prefeito;36024;89;0;36024;89;24303;11721;N;19317;887;4099;0;0;0;20:40:16;30/10/2016
18/10/2020;00:06:22;2016;2;Eleição Ordinária;1;220;ELEIÇÕES MUNICIPAIS 2016;02/10/2016;M;RJ;58041;BELFORD ROXO;58041;BELFORD ROXO;153;13;Vereador;76461;216;6;76461;216;61493;14968;N;47459;3273;7863;2898;0;0;14:29:06;24/11/2016
18/10/2020;00:06:22;2016;2;Eleição Ordinária;1;220;ELEIÇÕES MUNICIPAIS 2016;02/10/2016;M;RJ;60011;RIO DE JANEIRO;60011;RIO DE JANEIRO;25;13;Vereador;75454;171;4;75454;171;61110;14344;N;47131;4574;5946;3459;0;0;13:55:48;01/12/2016
18/10/2020;00:06:22;2016;2;Eleição Ordinária;1;220;ELEIÇÕES MUNICIPAIS 2016;02/10/2016;M;RJ;60011;RIO DE JANEIRO;60011;RIO DE JANEIRO;237;13;Vereador;42187;95;0;42187;95;33237;8950;N;24380;2458;4233;2166;0;0;13:55:48;01/12/2016
18/10/2020;00:06:22;2016;2;Eleição Ordinária;2;221;ELEIÇÕES MUNICIPAIS 2016;30/10/2016;M;RJ;58335;DUQUE DE CAXIAS;58335;DUQUE DE CAXIAS;126;11;Prefeito;101650;268;0;101650;268;78623;23027;N;64248;3456;10919;0;0;0;18:40:20;30/10/2016
18/10/2020;00:06:22;2016;2;Eleição Ordinária;1;220;ELEIÇÕES MUNICIPAIS 2016;02/10/2016;M;RJ;60011;RIO DE JANEIRO;60011;RIO DE JANEIRO;244;11;Prefeito;35915;102;1;35915;102;28120;7795;N;22350;1531;4239;0;0;0;13:55:48;01/12/2016
18/10/2020;00:06:22;2016;2;Eleição Ordinária;2;221;ELEIÇÕES MUNICIPAIS 2016;30/10/2016;M;RJ;58653;NITERÓI;58653;NITERÓI;72;11;Prefeito;50042;160;0;50042;160;40190;9852;N;33103;1773;5314;0;0;0;19:20:40;30/10/2016
18/10/2020;00:06:22;2016;2;Eleição Ordinária;1;220;ELEIÇÕES MUNICIPAIS 2016;02/10/2016;M;RJ;58971;SÃO GONÇALO;58971;SÃO GONÇALO;86;11;Prefeito;31028;89;1;31028;89;23717;7311;N;17523;1854;4340;0;0;0;19:27:23;02/10/2016
18/10/2020;00:06:22;2016;2;Eleição Ordinária;1;220;ELEIÇÕES MUNICIPAIS 2016;02/10/2016;M;RJ;58670;NOVA FRIBURGO;58670;NOVA FRIBURGO;81;13;Vereador;36331;100;9;36331;100;28393;7938;N;24041;935;2117;1300;0;0;14:24:39;25/11/2016
18/10/2020;00:06:22;2016;2;Eleição Ordinária;1;220;ELEIÇÕES MUNICIPAIS 2016;02/10/2016;M;RJ;60011;RIO DE JANEIRO;60011;RIO DE JANEIRO;167;13;Vereador;71316;163;12;71316;163;54048;17268;N;36586;5453;8310;3699;0;0;13:55:48;01/12/2016
18/10/2020;00:06:22;2016;2;Eleição Ordinária;1;220;ELEIÇÕES MUNICIPAIS 2016;02/10/2016;M;RJ;60011;RIO DE JANEIRO;60011;RIO DE JANEIRO;163;13;Vereador;44994;121;0;44994;121;30474;14520;N;22266;1854;3696;2658;0;0;13:55:48;01/12/2016
18/10/2020;00:06:22;2016;2;Eleição Ordinária;1;220;ELEIÇÕES MUNICIPAIS 2016;02/10/2016;M;RJ;60011;RIO DE JANEIRO;60011;RIO DE JANEIRO;185;11;Prefeito;61662;133;0;61662;133;46075;15587;N;37288;2471;6316;0;0;0;13:55:48;01/12/2016
18/10/2020;00:06:22;2016;2;Eleição Ordinária;1;220;ELEIÇÕES MUNICIPAIS 2016;02/10/2016;M;RJ;58254;CASIMIRO DE ABREU;58254;CASIMIRO DE ABREU;50;13;Vereador;31670;89;12;31670;89;25735;5935;N;21611;576;2136;1412;0;0;19:25:26;31/10/2016
18/10/2020;00:06:22;2016;2;Eleição Ordinária;1;220;ELEIÇÕES MUNICIPAIS 2016;02/10/2016;M;RJ;60011;RIO DE JANEIRO;60011;RIO DE JANEIRO;164;11;Prefeito;32260;84;0;32260;84;22607;9653;N;18834;1173;2600;0;0;0;13:55:48;01/12/2016
18/10/2020;00:06:22;2016;2;Eleição Ordinária;1;220;ELEIÇÕES MUNICIPAIS 2016;02/10/2016;M;RJ;60011;RIO DE JANEIRO;60011;RIO DE JANEIRO;163;11;Prefeito;44994;121;0;44994;121;30474;14520;N;26307;1030;3137;0;0;0;13:55:48;01/12/2016
18/10/2020;00:06:22;2016;2;Eleição Ordinária;1;220;ELEIÇÕES MUNICIPAIS 2016;02/10/2016;M;RJ;58610;NATIVIDADE;58610;NATIVIDADE;43;13;Vereador;12447;40;0;12447;40;10266;2181;N;8491;132;944;699;0;0;16:04:11;01/02/2017
18/10/2020;00:06:22;2016;2;Eleição Ordinária;1;220;ELEIÇÕES MUNICIPAIS 2016;02/10/2016;M;RJ;58777;PETRÓPOLIS;58777;PETRÓPOLIS;85;13;Vereador;40676;131;5;40676;131;30205;10471;N;23132;1560;3690;1823;0;0;11:10:43;03/11/2016
18/10/2020;00:06:22;2016;2;Eleição Ordinária;1;220;ELEIÇÕES MUNICIPAIS 2016;02/10/2016;M;RJ;58165;COMENDADOR LEVY GASPARIAN;58165;COMENDADOR LEVY GASPARIAN;40;11;Prefeito;7745;25;2;7745;25;6981;764;N;6434;137;410;0;0;0;18:51:19;02/10/2016
18/10/2020;00:06:22;2016;2;Eleição Ordinária;1;220;ELEIÇÕES MUNICIPAIS 2016;02/10/2016;M;RJ;58068;CARDOSO MOREIRA;58068;CARDOSO MOREIRA;141;13;Vereador;11621;37;18;11621;37;9832;1789;N;9083;100;184;465;0;0;19:15:36;02/10/2016
18/10/2020;00:06:22;2016;2;Eleição Ordinária;1;220;ELEIÇÕES MUNICIPAIS 2016;02/10/2016;M;RJ;60011;RIO DE JANEIRO;60011;RIO DE JANEIRO;229;13;Vereador;60547;139;0;60547;139;43521;17026;N;30030;3859;6015;3617;0;0;13:55:48;01/12/2016
18/10/2020;00:06:22;2016;2;Eleição Ordinária;1;220;ELEIÇÕES MUNICIPAIS 2016;02/10/2016;M;RJ;58530;MARICÁ;58530;MARICÁ;55;11;Prefeito;101282;269;13;101282;269;81437;19845;N;74089;1880;5468;0;0;0;14:29:26;17/11/2016
18/10/2020;00:06:22;2016;2;Eleição Ordinária;1;220;ELEIÇÕES MUNICIPAIS 2016;02/10/2016;M;RJ;58190;CAMPOS DOS GOYTACAZES;58190;CAMPOS DOS GOYTACAZES;249;11;Prefeito;49586;130;6;49586;130;40916;8670;N;38297;820;1799;0;0;0;14:44:28;16/11/2016
18/10/2020;00:06:22;2016;2;Eleição Ordinária;1;220;ELEIÇÕES MUNICIPAIS 2016;02/10/2016;M;RJ;58190;CAMPOS DOS GOYTACAZES;58190;CAMPOS DOS GOYTACAZES;98;11;Prefeito;53747;157;3;53747;157;42617;11130;N;40368;662;1587;0;0;0;14:44:28;16/11/2016
18/10/2020;00:06:22;2016;2;Eleição Ordinária;1;220;ELEIÇÕES MUNICIPAIS 2016;02/10/2016;M;RJ;60011;RIO DE JANEIRO;60011;RIO DE JANEIRO;173;11;Prefeito;37501;86;0;37501;86;27930;9571;N;24175;945;2810;0;0;0;13:55:48;01/12/2016
18/10/2020;00:06:22;2016;2;Eleição Ordinária;1;220;ELEIÇÕES MUNICIPAIS 2016;02/10/2016;M;RJ;58491;MAGÉ;58491;MAGÉ;110;13;Vereador;87347;260;37;87347;260;70423;16924;N;61102;2153;3766;3402;0;0;15:51:04;31/10/2016
18/10/2020;00:06:22;2016;2;Eleição Ordinária;2;221;ELEIÇÕES MUNICIPAIS 2016;30/10/2016;M;RJ;60011;RIO DE JANEIRO;60011;RIO DE JANEIRO;246;11;Prefeito;96353;213;6;96353;213;77130;19223;N;63822;3354;9954;0;0;0;20:40:16;30/10/2016
18/10/2020;00:06:22;2016;2;Eleição Ordinária;1;220;ELEIÇÕES MUNICIPAIS 2016;02/10/2016;M;RJ;60011;RIO DE JANEIRO;60011;RIO DE JANEIRO;190;13;Vereador;44150;99;1;44150;99;33981;10169;N;25521;1891;4648;1921;0;0;13:55:48;01/12/2016
18/10/2020;00:06:22;2016;2;Eleição Ordinária;1;220;ELEIÇÕES MUNICIPAIS 2016;02/10/2016;M;RJ;60011;RIO DE JANEIRO;60011;RIO DE JANEIRO;191;13;Vereador;58642;135;1;58642;135;44400;14242;N;30309;4031;7019;3041;0;0;13:55:48;01/12/2016
18/10/2020;00:06:22;2016;2;Eleição Ordinária;1;220;ELEIÇÕES MUNICIPAIS 2016;02/10/2016;M;RJ;58360;TANGUÁ;58360;TANGUÁ;151;13;Vereador;24512;65;7;24512;65;20952;3560;N;18568;307;1131;946;0;0;18:02:56;22/03/2017
18/10/2020;00:06:22;2016;2;Eleição Ordinária;1;220;ELEIÇÕES MUNICIPAIS 2016;02/10/2016;M;RJ;58335;DUQUE DE CAXIAS;58335;DUQUE DE CAXIAS;78;13;Vereador;74009;204;2;74009;204;60203;13806;N;50279;2498;4621;2805;0;0;19:33:46;02/10/2016
18/10/2020;00:06:22;2016;2;Eleição Ordinária;1;220;ELEIÇÕES MUNICIPAIS 2016;02/10/2016;M;RJ;58610;NATIVIDADE;58610;NATIVIDADE;43;11;Prefeito;12447;40;0;12447;40;10266;2181;N;9531;131;604;0;0;0;17:41:44;02/10/2016
18/10/2020;00:06:22;2016;2;Eleição Ordinária;2;221;ELEIÇÕES MUNICIPAIS 2016;30/10/2016;M;RJ;60011;RIO DE JANEIRO;60011;RIO DE JANEIRO;8;11;Prefeito;51460;116;0;51460;116;37258;14202;N;30597;1546;5115;0;0;0;20:40:16;30/10/2016
18/10/2020;00:06:22;2016;2;Eleição Ordinária;1;220;ELEIÇÕES MUNICIPAIS 2016;02/10/2016;M;RJ;60011;RIO DE JANEIRO;60011;RIO DE JANEIRO;166;11;Prefeito;36024;89;0;36024;89;25073;10951;N;22259;688;2126;0;0;0;13:55:48;01/12/2016
18/10/2020;00:06:22;2016;2;Eleição Ordinária;1;220;ELEIÇÕES MUNICIPAIS 2016;02/10/2016;M;RJ;60011;RIO DE JANEIRO;60011;RIO DE JANEIRO;207;13;Vereador;29946;70;1;29946;70;22904;7042;N;15623;1810;3988;1483;0;0;13:55:48;01/12/2016
18/10/2020;00:06:22;2016;2;Eleição Ordinária;1;220;ELEIÇÕES MUNICIPAIS 2016;02/10/2016;M;RJ;59013;SÃO JOÃO DE MERITI;59013;SÃO JOÃO DE MERITI;89;13;Vereador;77142;209;2;77142;209;61432;15710;N;50650;2708;5555;2519;0;0;16:32:42;06/10/2016
18/10/2020;00:06:22;2016;2;Eleição Ordinária;1;220;ELEIÇÕES MUNICIPAIS 2016;02/10/2016;M;RJ;58653;NITERÓI;58653;NITERÓI;114;11;Prefeito;25224;99;2;25224;99;20234;4990;N;15127;1278;3829;0;0;0;19:51:16;02/10/2016
18/10/2020;00:06:22;2016;1;Eleição Suplementar;1;350;RJ - SUPLEMENTAR DE MANGARATIBA;28/10/2018;M;RJ;58513;MANGARATIBA;58513;MANGARATIBA;54;11;Prefeito;36056;99;6;36056;99;27084;8972;N;24957;510;1617;0;0;0;19:23:13;28/10/2018
18/10/2020;00:06:22;2016;2;Eleição Ordinária;2;221;ELEIÇÕES MUNICIPAIS 2016;30/10/2016;M;RJ;60011;RIO DE JANEIRO;60011;RIO DE JANEIRO;213;11;Prefeito;44235;113;0;44235;113;31343;12892;N;24753;1291;5299;0;0;0;20:40:16;30/10/2016
18/10/2020;00:06:22;2016;2;Eleição Ordinária;2;221;ELEIÇÕES MUNICIPAIS 2016;30/10/2016;M;RJ;60011;RIO DE JANEIRO;60011;RIO DE JANEIRO;117;11;Prefeito;47290;115;0;47290;115;33904;13386;N;26419;1337;6148;0;0;0;20:40:16;30/10/2016
18/10/2020;00:06:22;2016;2;Eleição Ordinária;1;220;ELEIÇÕES MUNICIPAIS 2016;02/10/2016;M;RJ;60011;RIO DE JANEIRO;60011;RIO DE JANEIRO;238;13;Vereador;47833;101;4;47833;101;38024;9809;N;27461;2897;5436;2230;0;0;13:55:48;01/12/2016
18/10/2020;00:06:22;2016;2;Eleição Ordinária;1;220;ELEIÇÕES MUNICIPAIS 2016;02/10/2016;M;RJ;58190;CAMPOS DOS GOYTACAZES;58190;CAMPOS DOS GOYTACAZES;75;11;Prefeito;58539;173;35;58539;173;48867;9672;N;45604;1118;2145;0;0;0;14:44:28;16/11/2016
18/10/2020;00:06:22;2016;2;Eleição Ordinária;2;221;ELEIÇÕES MUNICIPAIS 2016;30/10/2016;M;RJ;60011;RIO DE JANEIRO;60011;RIO DE JANEIRO;217;11;Prefeito;50081;117;0;50081;117;36882;13199;N;28480;1540;6862;0;0;0;20:40:16;30/10/2016
18/10/2020;00:06:22;2016;2;Eleição Ordinária;2;221;ELEIÇÕES MUNICIPAIS 2016;30/10/2016;M;RJ;60011;RIO DE JANEIRO;60011;RIO DE JANEIRO;205;11;Prefeito;30955;93;1;30955;93;19249;11706;N;15160;819;3270;0;0;0;20:40:16;30/10/2016
18/10/2020;00:06:22;2016;2;Eleição Ordinária;1;220;ELEIÇÕES MUNICIPAIS 2016;02/10/2016;M;RJ;58971;SÃO GONÇALO;58971;SÃO GONÇALO;197;13;Vereador;35754;111;2;35754;111;27416;8338;N;21402;1444;3131;1439;0;0;19:27:23;02/10/2016
18/10/2020;00:06:22;2016;2;Eleição Ordinária;1;220;ELEIÇÕES MUNICIPAIS 2016;02/10/2016;M;RJ;58106;GUAPIMIRIM;58106;GUAPIMIRIM;149;11;Prefeito;40346;113;18;40346;113;33241;7105;N;30922;633;1686;0;0;0;13:17:22;20/10/2016
18/10/2020;00:06:22;2016;2;Eleição Ordinária;1;220;ELEIÇÕES MUNICIPAIS 2016;02/10/2016;M;RJ;58971;SÃO GONÇALO;58971;SÃO GONÇALO;134;13;Vereador;38583;114;18;38583;114;30166;8417;N;23307;1698;3533;1628;0;0;19:27:23;02/10/2016
18/10/2020;00:06:22;2016;2;Eleição Ordinária;2;221;ELEIÇÕES MUNICIPAIS 2016;30/10/2016;M;RJ;58335;DUQUE DE CAXIAS;58335;DUQUE DE CAXIAS;77;11;Prefeito;33534;95;3;33534;95;25011;8523;N;21326;935;2750;0;0;0;18:40:20;30/10/2016
18/10/2020;00:06:22;2016;2;Eleição Ordinária;1;220;ELEIÇÕES MUNICIPAIS 2016;02/10/2016;M;RJ;58491;MAGÉ;58491;MAGÉ;148;13;Vereador;90662;263;2;90662;263;74280;16382;N;63579;2820;3807;4074;0;0;15:51:04;31/10/2016
18/10/2020;00:06:22;2016;2;Eleição Ordinária;2;221;ELEIÇÕES MUNICIPAIS 2016;30/10/2016;M;RJ;60011;RIO DE JANEIRO;60011;RIO DE JANEIRO;10;11;Prefeito;53442;126;0;53442;126;38280;15162;N;29855;1582;6843;0;0;0;20:40:16;30/10/2016
18/10/2020;00:06:22;2016;2;Eleição Ordinária;1;220;ELEIÇÕES MUNICIPAIS 2016;02/10/2016;M;RJ;58378;ITABORAÍ;58378;ITABORAÍ;104;11;Prefeito;91467;249;8;91467;249;74679;16788;N;65038;3234;6407;0;0;0;13:43:45;11/11/2016
18/10/2020;00:06:22;2016;2;Eleição Ordinária;1;220;ELEIÇÕES MUNICIPAIS 2016;02/10/2016;M;RJ;58114;BOM JESUS DO ITABAPOANA;58114;BOM JESUS DO ITABAPOANA;95;13;Vereador;29353;89;16;29353;89;23743;5610;N;21354;349;726;1314;0;0;11:17:53;11/10/2016
18/10/2020;00:06:22;2016;2;Eleição Ordinária;1;220;ELEIÇÕES MUNICIPAIS 2016;02/10/2016;M;RJ;59013;SÃO JOÃO DE MERITI;59013;SÃO JOÃO DE MERITI;186;11;Prefeito;67917;202;5;67917;202;53929;13988;N;41750;3688;8491;0;0;0;19:21:19;02/10/2016
18/10/2020;00:06:22;2016;2;Eleição Ordinária;1;220;ELEIÇÕES MUNICIPAIS 2016;02/10/2016;M;RJ;58653;NITERÓI;58653;NITERÓI;72;13;Vereador;50042;160;0;50042;160;42522;7520;N;35068;1979;3300;2175;0;0;19:51:16;02/10/2016
18/10/2020;00:06:22;2016;2;Eleição Ordinária;1;220;ELEIÇÕES MUNICIPAIS 2016;02/10/2016;M;RJ;60011;RIO DE JANEIRO;60011;RIO DE JANEIRO;193;13;Vereador;39572;87;0;39572;87;30239;9333;N;21561;2915;3348;2415;0;0;13:55:48;01/12/2016
18/10/2020;00:06:22;2016;2;Eleição Ordinária;1;220;ELEIÇÕES MUNICIPAIS 2016;02/10/2016;M;RJ;60011;RIO DE JANEIRO;60011;RIO DE JANEIRO;179;11;Prefeito;121087;268;3;121087;268;92853;28234;N;74856;7095;10902;0;0;0;13:55:48;01/12/2016
18/10/2020;00:06:22;2016;2;Eleição Ordinária;1;220;ELEIÇÕES MUNICIPAIS 2016;02/10/2016;M;RJ;58696;NOVA IGUAÇU;58696;NOVA IGUAÇU;159;11;Prefeito;77365;214;0;77365;214;61711;15654;N;48554;4137;9020;0;0;0;15:18:21;10/10/2016
18/10/2020;00:06:22;2016;2;Eleição Ordinária;1;220;ELEIÇÕES MUNICIPAIS 2016;02/10/2016;M;RJ;60011;RIO DE JANEIRO;60011;RIO DE JANEIRO;124;13;Vereador;32131;74;12;32131;74;24433;7698;N;17813;1564;3419;1637;0;0;13:55:48;01/12/2016
18/10/2020;00:06:22;2016;2;Eleição Ordinária;1;220;ELEIÇÕES MUNICIPAIS 2016;02/10/2016;M;RJ;60011;RIO DE JANEIRO;60011;RIO DE JANEIRO;244;13;Vereador;35915;102;1;35915;102;28120;7795;N;19579;2155;4349;2037;0;0;13:55:48;01/12/2016
18/10/2020;00:06:22;2016;2;Eleição Ordinária;1;220;ELEIÇÕES MUNICIPAIS 2016;02/10/2016;M;RJ;60011;RIO DE JANEIRO;60011;RIO DE JANEIRO;175;13;Vereador;53625;135;1;53625;135;41416;12209;N;30432;3393;4872;2719;0;0;13:55:48;01/12/2016
18/10/2020;00:06:22;2016;2;Eleição Ordinária;1;220;ELEIÇÕES MUNICIPAIS 2016;02/10/2016;M;RJ;59234;VASSOURAS;59234;VASSOURAS;41;11;Prefeito;30232;94;15;30232;94;24027;6205;N;22268;504;1255;0;0;0;10:20:41;13/10/2016
18/10/2020;00:06:22;2016;2;Eleição Ordinária;1;220;ELEIÇÕES MUNICIPAIS 2016;02/10/2016;M;RJ;58696;NOVA IGUAÇU;58696;NOVA IGUAÇU;156;11;Prefeito;71753;198;10;71753;198;58493;13260;N;48474;3408;6611;0;0;0;15:18:21;10/10/2016
18/10/2020;00:06:22;2016;2;Eleição Ordinária;1;220;ELEIÇÕES MUNICIPAIS 2016;02/10/2016;M;RJ;58050;BARRA DO PIRAÍ;58050;BARRA DO PIRAÍ;93;11;Prefeito;71099;214;33;71099;214;56923;14176;N;50638;2030;4255;0;0;0;20:27:10;02/10/2016
18/10/2020;00:06:22;2016;2;Eleição Ordinária;1;220;ELEIÇÕES MUNICIPAIS 2016;02/10/2016;M;RJ;58939;SANTO ANTÔNIO DE PÁDUA;58939;SANTO ANTÔNIO DE PÁDUA;34;13;Vereador;33145;109;17;33145;109;26579;6566;N;22828;444;1892;1415;0;0;14:06:48;04/04/2017
18/10/2020;00:06:22;2016;2;Eleição Ordinária;1;220;ELEIÇÕES MUNICIPAIS 2016;02/10/2016;M;RJ;60011;RIO DE JANEIRO;60011;RIO DE JANEIRO;166;13;Vereador;36024;89;0;36024;89;25073;10951;N;18713;1420;2717;2223;0;0;13:55:48;01/12/2016
18/10/2020;00:06:22;2016;2;Eleição Ordinária;1;220;ELEIÇÕES MUNICIPAIS 2016;02/10/2016;M;RJ;58386;MACUCO;58386;MACUCO;52;13;Vereador;7113;24;2;7113;24;6189;924;N;5750;50;122;267;0;0;19:03:45;02/10/2016
18/10/2020;00:06:22;2016;2;Eleição Ordinária;1;220;ELEIÇÕES MUNICIPAIS 2016;02/10/2016;M;RJ;60011;RIO DE JANEIRO;60011;RIO DE JANEIRO;11;11;Prefeito;43730;112;0;43730;112;32976;10754;N;26254;1666;5056;0;0;0;13:55:48;01/12/2016
18/10/2020;00:06:22;2016;1;Eleição Suplementar;1;330;ELEIÇÃO SUPLEMENTAR DE CABO FRIO;24/06/2018;M;RJ;58130;CABO FRIO;58130;CABO FRIO;256;11;Prefeito;71778;202;9;71778;202;46842;24936;N;21624;1743;23475;0;0;0;20:53:34;24/06/2018
18/10/2020;00:06:22;2016;2;Eleição Ordinária;2;221;ELEIÇÕES MUNICIPAIS 2016;30/10/2016;M;RJ;60011;RIO DE JANEIRO;60011;RIO DE JANEIRO;6;11;Prefeito;31762;84;0;31762;84;22446;9316;N;17561;818;4067;0;0;0;20:40:16;30/10/2016
18/10/2020;00:06:22;2016;2;Eleição Ordinária;2;221;ELEIÇÕES MUNICIPAIS 2016;30/10/2016;M;RJ;60011;RIO DE JANEIRO;60011;RIO DE JANEIRO;163;11;Prefeito;44994;121;0;44994;121;29509;15485;N;24221;927;4361;0;0;0;20:40:16;30/10/2016
18/10/2020;00:06:22;2016;2;Eleição Ordinária;2;221;ELEIÇÕES MUNICIPAIS 2016;30/10/2016;M;RJ;60011;RIO DE JANEIRO;60011;RIO DE JANEIRO;177;11;Prefeito;47670;119;3;47670;119;35184;12486;N;26999;1451;6734;0;0;0;20:40:16;30/10/2016
18/10/2020;00:06:22;2016;2;Eleição Ordinária;1;220;ELEIÇÕES MUNICIPAIS 2016;02/10/2016;M;RJ;58890;RIO DAS FLORES;58890;RIO DAS FLORES;58;13;Vereador;8501;24;2;8501;24;7472;1029;N;6925;83;142;322;0;0;18:39:40;02/10/2016
18/10/2020;00:06:22;2016;2;Eleição Ordinária;1;220;ELEIÇÕES MUNICIPAIS 2016;02/10/2016;M;RJ;58041;BELFORD ROXO;58041;BELFORD ROXO;154;13;Vereador;71907;192;13;71907;192;57351;14556;N;45330;2632;6841;2548;0;0;14:29:06;24/11/2016
18/10/2020;00:06:22;2016;2;Eleição Ordinária;1;220;ELEIÇÕES MUNICIPAIS 2016;02/10/2016;M;RJ;58351;ENGENHEIRO PAULO DE FRONTIN;58351;ENGENHEIRO PAULO DE FRONTIN;74;13;Vereador;10615;38;0;10615;38;9336;1279;N;8512;111;270;443;0;0;19:51:16;02/10/2016
18/10/2020;00:06:22;2016;2;Eleição Ordinária;1;220;ELEIÇÕES MUNICIPAIS 2016;02/10/2016;M;RJ;59196;TRÊS RIOS;59196;TRÊS RIOS;40;11;Prefeito;21917;78;8;21917;78;17414;4503;N;15589;512;1313;0;0;0;19:21:15;02/10/2016
18/10/2020;00:06:22;2016;2;Eleição Ordinária;1;220;ELEIÇÕES MUNICIPAIS 2016;02/10/2016;M;RJ;58041;BELFORD ROXO;58041;BELFORD ROXO;154;11;Prefeito;71907;192;13;71907;192;57351;14556;N;45273;3205;8873;0;0;0;18:58:08;27/10/2016
18/10/2020;00:06:22;2016;2;Eleição Ordinária;1;220;ELEIÇÕES MUNICIPAIS 2016;02/10/2016;M;RJ;59137;SUMIDOURO;59137;SUMIDOURO;64;11;Prefeito;13730;44;16;13730;44;11816;1914;N;11195;187;434;0;0;0;18:27:33;02/10/2016
18/10/2020;00:06:22;2016;2;Eleição Ordinária;1;220;ELEIÇÕES MUNICIPAIS 2016;02/10/2016;M;RJ;60011;RIO DE JANEIRO;60011;RIO DE JANEIRO;233;13;Vereador;48284;113;1;48284;113;38016;10268;N;26720;3079;5768;2449;0;0;13:55:48;01/12/2016
18/10/2020;00:06:22;2016;2;Eleição Ordinária;1;220;ELEIÇÕES MUNICIPAIS 2016;02/10/2016;M;RJ;60011;RIO DE JANEIRO;60011;RIO DE JANEIRO;231;11;Prefeito;40637;97;0;40637;97;31412;9225;N;25343;1620;4449;0;0;0;13:55:48;01/12/2016
18/10/2020;00:06:22;2016;2;Eleição Ordinária;1;220;ELEIÇÕES MUNICIPAIS 2016;02/10/2016;M;RJ;58424;SEROPÉDICA;58424;SEROPÉDICA;225;11;Prefeito;55002;152;1;55002;152;45072;9930;N;31843;1237;11992;0;0;0;17:45:36;22/11/2016
18/10/2020;00:06:22;2016;2;Eleição Ordinária;1;220;ELEIÇÕES MUNICIPAIS 2016;02/10/2016;M;RJ;59250;VOLTA REDONDA;59250;VOLTA REDONDA;47;11;Prefeito;60829;166;0;60829;166;49513;11316;N;43664;1821;4028;0;0;0;15:05:33;06/10/2017
18/10/2020;00:06:22;2016;2;Eleição Ordinária;1;220;ELEIÇÕES MUNICIPAIS 2016;02/10/2016;M;RJ;59013;SÃO JOÃO DE MERITI;59013;SÃO JOÃO DE MERITI;186;13;Vereador;67917;202;5;67917;202;53929;13988;N;44606;2403;4681;2239;0;0;16:32:42;06/10/2016
18/10/2020;00:06:22;2016;2;Eleição Ordinária;1;220;ELEIÇÕES MUNICIPAIS 2016;02/10/2016;M;RJ;58696;NOVA IGUAÇU;58696;NOVA IGUAÇU;84;13;Vereador;120242;328;4;120242;328;95951;24291;N;72534;6358;11563;5496;0;0;14:09:38;04/04/2018
18/10/2020;00:06:22;2016;2;Eleição Ordinária;2;221;ELEIÇÕES MUNICIPAIS 2016;30/10/2016;M;RJ;60011;RIO DE JANEIRO;60011;RIO DE JANEIRO;121;11;Prefeito;31057;80;0;31057;80;22492;8565;N;17560;1009;3923;0;0;0;20:40:16;30/10/2016
18/10/2020;00:06:22;2016;2;Eleição Ordinária;2;221;ELEIÇÕES MUNICIPAIS 2016;30/10/2016;M;RJ;60011;RIO DE JANEIRO;60011;RIO DE JANEIRO;242;11;Prefeito;68893;170;0;68893;170;52029;16864;N;42534;2110;7385;0;0;0;20:40:16;30/10/2016
18/10/2020;00:06:22;2016;2;Eleição Ordinária;2;221;ELEIÇÕES MUNICIPAIS 2016;30/10/2016;M;RJ;58653;NITERÓI;58653;NITERÓI;143;11;Prefeito;31072;104;4;31072;104;24046;7026;N;18567;1103;4376;0;0;0;19:20:40;30/10/2016
18/10/2020;00:06:22;2016;2;Eleição Ordinária;1;220;ELEIÇÕES MUNICIPAIS 2016;02/10/2016;M;RJ;58335;DUQUE DE CAXIAS;58335;DUQUE DE CAXIAS;103;11;Prefeito;63582;201;2;63582;201;49548;14034;N;40765;2315;6468;0;0;0;19:33:46;02/10/2016
18/10/2020;00:06:22;2016;2;Eleição Ordinária;1;220;ELEIÇÕES MUNICIPAIS 2016;02/10/2016;M;RJ;58181;APERIBÉ;58181;APERIBÉ;34;11;Prefeito;8999;28;3;8999;28;7815;1184;N;7452;88;275;0;0;0;18:33:39;02/10/2016
18/10/2020;00:06:22;2016;1;Eleição Suplementar;1;314;ELEIÇÃO SUPLEMENTAR DE TERESÓPOLIS;03/06/2018;M;RJ;59153;TERESÓPOLIS;59153;TERESÓPOLIS;38;11;Prefeito;56878;166;13;56878;166;37338;19540;N;29728;1442;6168;0;0;0;19:28:59;03/06/2018
18/10/2020;00:06:22;2016;2;Eleição Ordinária;1;220;ELEIÇÕES MUNICIPAIS 2016;02/10/2016;M;RJ;60011;RIO DE JANEIRO;60011;RIO DE JANEIRO;216;11;Prefeito;43783;101;2;43783;101;33380;10403;N;27723;1416;4241;0;0;0;13:55:48;01/12/2016
18/10/2020;00:06:22;2016;2;Eleição Ordinária;1;220;ELEIÇÕES MUNICIPAIS 2016;02/10/2016;M;RJ;58190;CAMPOS DOS GOYTACAZES;58190;CAMPOS DOS GOYTACAZES;98;13;Vereador;53747;157;3;53747;157;42617;11130;N;36791;1264;2423;2139;0;0;13:52:20;08/04/2019
18/10/2020;00:06:22;2016;2;Eleição Ordinária;2;221;ELEIÇÕES MUNICIPAIS 2016;30/10/2016;M;RJ;58335;DUQUE DE CAXIAS;58335;DUQUE DE CAXIAS;66;11;Prefeito;37338;102;9;37338;102;27140;10198;N;22898;901;3341;0;0;0;18:40:20;30/10/2016
18/10/2020;00:06:22;2016;2;Eleição Ordinária;1;220;ELEIÇÕES MUNICIPAIS 2016;02/10/2016;M;RJ;60011;RIO DE JANEIRO;60011;RIO DE JANEIRO;25;11;Prefeito;75454;171;4;75454;171;61110;14344;N;50113;4147;6850;0;0;0;13:55:48;01/12/2016
18/10/2020;00:06:22;2016;2;Eleição Ordinária;1;220;ELEIÇÕES MUNICIPAIS 2016;02/10/2016;M;RJ;59250;VOLTA REDONDA;59250;VOLTA REDONDA;47;13;Vereador;60829;166;0;60829;166;49513;11316;N;42608;1805;3059;2041;0;0;15:05:33;06/10/2017
18/10/2020;00:06:22;2016;2;Eleição Ordinária;1;220;ELEIÇÕES MUNICIPAIS 2016;02/10/2016;M;RJ;58513;MANGARATIBA;58513;MANGARATIBA;54;13;Vereador;34988;95;7;34988;95;28308;6680;N;25637;416;1082;1173;0;0;18:45:34;02/10/2016
18/10/2020;00:06:22;2016;2;Eleição Ordinária;1;220;ELEIÇÕES MUNICIPAIS 2016;02/10/2016;M;RJ;58025;QUATIS;58025;QUATIS;183;13;Vereador;10393;31;1;10393;31;8777;1616;N;7993;146;201;437;0;0;18:21:22;02/10/2016
18/10/2020;00:06:22;2016;2;Eleição Ordinária;2;221;ELEIÇÕES MUNICIPAIS 2016;30/10/2016;M;RJ;58971;SÃO GONÇALO;58971;SÃO GONÇALO;134;11;Prefeito;38583;114;18;38583;114;28428;10155;N;22374;1356;4698;0;0;0;19:10:20;30/10/2016
18/10/2020;00:06:22;2016;2;Eleição Ordinária;1;220;ELEIÇÕES MUNICIPAIS 2016;02/10/2016;M;RJ;58831;RESENDE;58831;RESENDE;198;13;Vereador;33974;98;26;33974;98;25668;8306;N;22243;873;1225;1327;0;0;12:40:38;09/12/2016
18/10/2020;00:06:22;2016;2;Eleição Ordinária;1;220;ELEIÇÕES MUNICIPAIS 2016;02/10/2016;M;RJ;58971;SÃO GONÇALO;58971;SÃO GONÇALO;133;11;Prefeito;67863;180;2;67863;180;53783;14080;N;39702;4735;9346;0;0;0;19:27:23;02/10/2016
18/10/2020;00:06:22;2016;2;Eleição Ordinária;2;221;ELEIÇÕES MUNICIPAIS 2016;30/10/2016;M;RJ;60011;RIO DE JANEIRO;60011;RIO DE JANEIRO;188;11;Prefeito;47085;113;7;47085;113;34761;12324;N;28038;1594;5129;0;0;0;20:40:16;30/10/2016
18/10/2020;00:06:22;2016;2;Eleição Ordinária;2;221;ELEIÇÕES MUNICIPAIS 2016;30/10/2016;M;RJ;58777;PETRÓPOLIS;58777;PETRÓPOLIS;226;11;Prefeito;40140;121;9;40140;121;30327;9813;N;26687;1040;2600;0;0;0;19:20:40;30/10/2016
18/10/2020;00:06:22;2016;2;Eleição Ordinária;1;220;ELEIÇÕES MUNICIPAIS 2016;02/10/2016;M;RJ;58114;BOM JESUS DO ITABAPOANA;58114;BOM JESUS DO ITABAPOANA;95;11;Prefeito;29353;89;16;29353;89;23743;5610;N;22226;401;1116;0;0;0;18:33:40;02/10/2016
18/10/2020;00:06:22;2016;2;Eleição Ordinária;1;220;ELEIÇÕES MUNICIPAIS 2016;02/10/2016;M;RJ;60011;RIO DE JANEIRO;60011;RIO DE JANEIRO;218;13;Vereador;55043;132;0;55043;132;41682;13361;N;30550;2858;5890;2384;0;0;13:55:48;01/12/2016
18/10/2020;00:06:22;2016;2;Eleição Ordinária;1;220;ELEIÇÕES MUNICIPAIS 2016;02/10/2016;M;RJ;60011;RIO DE JANEIRO;60011;RIO DE JANEIRO;121;13;Vereador;31057;80;0;31057;80;23269;7788;N;16787;1747;3128;1607;0;0;13:55:48;01/12/2016
18/10/2020;00:06:22;2016;2;Eleição Ordinária;2;221;ELEIÇÕES MUNICIPAIS 2016;30/10/2016;M;RJ;58696;NOVA IGUAÇU;58696;NOVA IGUAÇU;27;11;Prefeito;43681;152;12;43681;152;30205;13476;N;25320;1005;3880;0;0;0;19:45:35;30/10/2016
18/10/2020;00:06:22;2016;2;Eleição Ordinária;2;221;ELEIÇÕES MUNICIPAIS 2016;30/10/2016;M;RJ;58335;DUQUE DE CAXIAS;58335;DUQUE DE CAXIAS;78;11;Prefeito;74009;204;2;74009;204;56276;17733;N;47625;2012;6639;0;0;0;18:40:20;30/10/2016
18/10/2020;00:06:22;2016;2;Eleição Ordinária;1;220;ELEIÇÕES MUNICIPAIS 2016;02/10/2016;M;RJ;58637;NILÓPOLIS;58637;NILÓPOLIS;80;13;Vereador;35236;118;1;35236;118;29122;6114;N;24732;1028;2206;1156;0;0;16:18:20;10/07/2018
18/10/2020;00:06:22;2016;2;Eleição Ordinária;1;220;ELEIÇÕES MUNICIPAIS 2016;02/10/2016;M;RJ;58556;MENDES;58556;MENDES;56;13;Vereador;15464;52;7;15464;52;12709;2755;N;11336;251;521;601;0;0;17:57:44;20/10/2016
18/10/2020;00:06:22;2016;2;Eleição Ordinária;1;220;ELEIÇÕES MUNICIPAIS 2016;02/10/2016;M;RJ;58777;PETRÓPOLIS;58777;PETRÓPOLIS;65;11;Prefeito;60633;179;27;60633;179;47794;12839;N;39276;2516;6002;0;0;0;11:10:43;03/11/2016
18/10/2020;00:06:22;2016;2;Eleição Ordinária;1;220;ELEIÇÕES MUNICIPAIS 2016;02/10/2016;M;RJ;60011;RIO DE JANEIRO;60011;RIO DE JANEIRO;176;13;Vereador;48324;113;3;48324;113;37470;10854;N;26557;3124;5249;2540;0;0;13:55:48;01/12/2016
18/10/2020;00:06:22;2016;2;Eleição Ordinária;1;220;ELEIÇÕES MUNICIPAIS 2016;02/10/2016;M;RJ;58190;CAMPOS DOS GOYTACAZES;58190;CAMPOS DOS GOYTACAZES;129;11;Prefeito;63083;181;24;63083;181;51480;11603;N;47988;1243;2249;0;0;0;14:44:28;16/11/2016
18/10/2020;00:06:22;2016;2;Eleição Ordinária;1;220;ELEIÇÕES MUNICIPAIS 2016;02/10/2016;M;RJ;58122;QUEIMADOS;58122;QUEIMADOS;138;11;Prefeito;113059;306;29;113059;306;91338;21721;N;80674;3740;6924;0;0;0;19:45:36;02/10/2016
18/10/2020;00:06:22;2016;2;Eleição Ordinária;1;220;ELEIÇÕES MUNICIPAIS 2016;02/10/2016;M;RJ;58190;CAMPOS DOS GOYTACAZES;58190;CAMPOS DOS GOYTACAZES;76;11;Prefeito;59580;169;4;59580;169;48970;10610;N;45864;1013;2093;0;0;0;14:44:28;16/11/2016
18/10/2020;00:06:22;2016;2;Eleição Ordinária;1;220;ELEIÇÕES MUNICIPAIS 2016;02/10/2016;M;RJ;60011;RIO DE JANEIRO;60011;RIO DE JANEIRO;169;13;Vereador;52542;124;0;52542;124;39422;13120;N;28060;3312;5109;2941;0;0;13:55:48;01/12/2016
18/10/2020;00:06:22;2016;2;Eleição Ordinária;1;220;ELEIÇÕES MUNICIPAIS 2016;02/10/2016;M;RJ;59218;VALENÇA;59218;VALENÇA;111;13;Vereador;58723;178;27;58723;178;44885;13838;N;37573;1559;3206;2547;0;0;19:09:35;02/10/2016
18/10/2020;00:06:22;2016;1;Eleição Suplementar;1;329;ELEIÇÃO SUPLEMENTAR DE RIO DAS OSTRAS;24/06/2018;M;RJ;58203;RIO DAS OSTRAS;58203;RIO DAS OSTRAS;184;11;Prefeito;70489;259;2;70489;259;55918;14571;N;48130;1928;5860;0;0;0;20:20:17;24/06/2018
18/10/2020;00:06:22;2016;2;Eleição Ordinária;1;220;ELEIÇÕES MUNICIPAIS 2016;02/10/2016;M;RJ;60011;RIO DE JANEIRO;60011;RIO DE JANEIRO;230;11;Prefeito;58020;126;2;58020;126;47093;10927;N;37684;3045;6364;0;0;0;13:55:48;01/12/2016
18/10/2020;00:06:22;2016;2;Eleição Ordinária;1;220;ELEIÇÕES MUNICIPAIS 2016;02/10/2016;M;RJ;60011;RIO DE JANEIRO;60011;RIO DE JANEIRO;4;13;Vereador;49210;126;0;49210;126;35697;13513;N;26757;2046;3712;3182;0;0;13:55:48;01/12/2016
18/10/2020;00:06:22;2016;2;Eleição Ordinária;1;220;ELEIÇÕES MUNICIPAIS 2016;02/10/2016;M;RJ;59013;SÃO JOÃO DE MERITI;59013;SÃO JOÃO DE MERITI;89;11;Prefeito;77142;209;2;77142;209;61432;15710;N;48716;3571;9145;0;0;0;19:21:19;02/10/2016
18/10/2020;00:06:22;2016;2;Eleição Ordinária;2;221;ELEIÇÕES MUNICIPAIS 2016;30/10/2016;M;RJ;60011;RIO DE JANEIRO;60011;RIO DE JANEIRO;178;11;Prefeito;38452;89;1;38452;89;29392;9060;N;23752;1234;4406;0;0;0;20:40:16;30/10/2016
18/10/2020;00:06:22;2016;2;Eleição Ordinária;1;220;ELEIÇÕES MUNICIPAIS 2016;02/10/2016;M;RJ;58173;CAMBUCI;58173;CAMBUCI;97;11;Prefeito;12240;40;7;12240;40;10620;1620;N;10246;81;293;0;0;0;18:27:32;02/10/2016
18/10/2020;00:06:22;2016;2;Eleição Ordinária;1;220;ELEIÇÕES MUNICIPAIS 2016;02/10/2016;M;RJ;58009;QUISSAMÃ;58009;QUISSAMÃ;255;13;Vereador;18091;49;6;18091;49;15344;2747;N;13602;239;294;1209;0;0;14:22:57;31/10/2016
18/10/2020;00:06:22;2016;2;Eleição Ordinária;1;220;ELEIÇÕES MUNICIPAIS 2016;02/10/2016;M;RJ;60011;RIO DE JANEIRO;60011;RIO DE JANEIRO;192;11;Prefeito;65060;145;1;65060;145;48822;16238;N;40502;2192;6128;0;0;0;13:55:48;01/12/2016
18/10/2020;00:06:22;2016;2;Eleição Ordinária;1;220;ELEIÇÕES MUNICIPAIS 2016;02/10/2016;M;RJ;58955;SÃO FIDÉLIS;58955;SÃO FIDÉLIS;35;13;Vereador;30753;94;41;30753;94;23676;7077;N;21411;338;691;1236;0;0;19:09:36;02/10/2016
18/10/2020;00:06:22;2016;2;Eleição Ordinária;2;221;ELEIÇÕES MUNICIPAIS 2016;30/10/2016;M;RJ;60011;RIO DE JANEIRO;60011;RIO DE JANEIRO;119;11;Prefeito;79216;170;2;79216;170;57290;21926;N;43527;2902;10861;0;0;0;20:40:16;30/10/2016
18/10/2020;00:06:22;2016;2;Eleição Ordinária;1;220;ELEIÇÕES MUNICIPAIS 2016;02/10/2016;M;RJ;59250;VOLTA REDONDA;59250;VOLTA REDONDA;202;11;Prefeito;47705;145;4;47705;145;39353;8352;N;34744;1459;3150;0;0;0;15:05:33;06/10/2017
18/10/2020;00:06:22;2016;2;Eleição Ordinária;1;220;ELEIÇÕES MUNICIPAIS 2016;02/10/2016;M;RJ;60011;RIO DE JANEIRO;60011;RIO DE JANEIRO;6;11;Prefeito;31762;84;0;31762;84;22969;8793;N;19761;745;2463;0;0;0;13:55:48;01/12/2016
18/10/2020;00:06:22;2016;2;Eleição Ordinária;1;220;ELEIÇÕES MUNICIPAIS 2016;02/10/2016;M;RJ;58416;ITAOCARA;58416;ITAOCARA;106;13;Vereador;19315;74;8;19315;74;16315;3000;N;14788;217;490;820;0;0;18:03:41;02/10/2016
18/10/2020;00:06:22;2016;2;Eleição Ordinária;1;220;ELEIÇÕES MUNICIPAIS 2016;02/10/2016;M;RJ;60011;RIO DE JANEIRO;60011;RIO DE JANEIRO;240;13;Vereador;44443;113;1;44443;113;33219;11224;N;24618;2697;3521;2383;0;0;13:55:48;01/12/2016
18/10/2020;00:06:22;2016;2;Eleição Ordinária;1;220;ELEIÇÕES MUNICIPAIS 2016;02/10/2016;M;RJ;60011;RIO DE JANEIRO;60011;RIO DE JANEIRO;13;11;Prefeito;59329;145;1;59329;145;45261;14068;N;37697;1915;5649;0;0;0;13:55:48;01/12/2016
18/10/2020;00:06:22;2016;1;Eleição Suplementar;1;399;RJ - SUPLEMENTAR DE PARATY;04/08/2019;M;RJ;58750;PARATY;58750;PARATY;57;11;Prefeito;29150;83;20;29150;83;21368;7782;N;20531;259;578;0;0;0;18:35:44;04/08/2019
18/10/2020;00:06:22;2016;2;Eleição Ordinária;2;221;ELEIÇÕES MUNICIPAIS 2016;30/10/2016;M;RJ;60011;RIO DE JANEIRO;60011;RIO DE JANEIRO;233;11;Prefeito;48284;113;1;48284;113;36823;11461;N;29124;1549;6150;0;0;0;20:40:16;30/10/2016
18/10/2020;00:06:22;2016;2;Eleição Ordinária;2;221;ELEIÇÕES MUNICIPAIS 2016;30/10/2016;M;RJ;58653;NITERÓI;58653;NITERÓI;114;11;Prefeito;25224;99;2;25224;99;19053;6171;N;14071;970;4012;0;0;0;19:20:40;30/10/2016
18/10/2020;00:06:22;2016;2;Eleição Ordinária;1;220;ELEIÇÕES MUNICIPAIS 2016;02/10/2016;M;RJ;60011;RIO DE JANEIRO;60011;RIO DE JANEIRO;207;11;Prefeito;29946;70;1;29946;70;22904;7042;N;18203;1195;3506;0;0;0;13:55:48;01/12/2016
18/10/2020;00:06:22;2016;2;Eleição Ordinária;2;221;ELEIÇÕES MUNICIPAIS 2016;30/10/2016;M;RJ;60011;RIO DE JANEIRO;60011;RIO DE JANEIRO;232;11;Prefeito;33008;78;0;33008;78;24360;8648;N;19516;955;3889;0;0;0;20:40:16;30/10/2016
18/10/2020;00:06:22;2016;2;Eleição Ordinária;2;221;ELEIÇÕES MUNICIPAIS 2016;30/10/2016;M;RJ;60011;RIO DE JANEIRO;60011;RIO DE JANEIRO;180;11;Prefeito;87037;209;5;87037;209;64371;22666;N;50943;2711;10717;0;0;0;20:40:16;30/10/2016
18/10/2020;00:06:22;2016;2;Eleição Ordinária;1;220;ELEIÇÕES MUNICIPAIS 2016;02/10/2016;M;RJ;58475;MACAÉ;58475;MACAÉ;254;11;Prefeito;72260;203;1;72260;203;56813;15447;N;50086;2730;3997;0;0;0;18:00:25;31/10/2016
18/10/2020;00:06:22;2016;2;Eleição Ordinária;1;220;ELEIÇÕES MUNICIPAIS 2016;02/10/2016;M;RJ;58122;QUEIMADOS;58122;QUEIMADOS;138;13;Vereador;113059;306;29;113059;306;91338;21721;N;79472;3382;4204;4280;0;0;19:45:36;02/10/2016
18/10/2020;00:06:22;2016;2;Eleição Ordinária;1;220;ELEIÇÕES MUNICIPAIS 2016;02/10/2016;M;RJ;58696;NOVA IGUAÇU;58696;NOVA IGUAÇU;67;11;Prefeito;42354;119;14;42354;119;33398;8956;N;26298;2231;4869;0;0;0;15:18:21;10/10/2016
18/10/2020;00:06:22;2016;2;Eleição Ordinária;1;220;ELEIÇÕES MUNICIPAIS 2016;02/10/2016;M;RJ;60011;RIO DE JANEIRO;60011;RIO DE JANEIRO;120;13;Vereador;75343;181;2;75343;181;62450;12893;N;47099;4184;7828;3339;0;0;13:55:48;01/12/2016
18/10/2020;00:06:22;2016;2;Eleição Ordinária;1;220;ELEIÇÕES MUNICIPAIS 2016;02/10/2016;M;RJ;58335;DUQUE DE CAXIAS;58335;DUQUE DE CAXIAS;194;13;Vereador;39487;115;4;39487;115;32277;7210;N;26078;1448;3272;1479;0;0;19:33:46;02/10/2016
18/10/2020;00:06:22;2016;2;Eleição Ordinária;1;220;ELEIÇÕES MUNICIPAIS 2016;02/10/2016;M;RJ;58971;SÃO GONÇALO;58971;SÃO GONÇALO;87;13;Vereador;64532;179;5;64532;179;50174;14358;N;38938;2874;5613;2749;0;0;19:27:23;02/10/2016
18/10/2020;00:06:22;2016;2;Eleição Ordinária;2;221;ELEIÇÕES MUNICIPAIS 2016;30/10/2016;M;RJ;60011;RIO DE JANEIRO;60011;RIO DE JANEIRO;245;11;Prefeito;68141;156;8;68141;156;53365;14776;N;43825;2101;7439;0;0;0;20:40:16;30/10/2016
18/10/2020;00:06:22;2016;2;Eleição Ordinária;2;221;ELEIÇÕES MUNICIPAIS 2016;30/10/2016;M;RJ;60011;RIO DE JANEIRO;60011;RIO DE JANEIRO;235;11;Prefeito;37940;91;0;37940;91;28561;9379;N;22257;1317;4987;0;0;0;20:40:16;30/10/2016
18/10/2020;00:06:22;2016;2;Eleição Ordinária;1;220;ELEIÇÕES MUNICIPAIS 2016;02/10/2016;M;RJ;58289;SÃO FRANCISCO DE ITABAPOANA;58289;SÃO FRANCISCO DE ITABAPOANA;130;11;Prefeito;37180;116;17;37180;116;29589;7591;N;27873;537;1179;0;0;0;19:39:21;02/10/2016
18/10/2020;00:06:22;2016;2;Eleição Ordinária;1;220;ELEIÇÕES MUNICIPAIS 2016;02/10/2016;M;RJ;58254;CASIMIRO DE ABREU;58254;CASIMIRO DE ABREU;50;11;Prefeito;31670;89;12;31670;89;25735;5935;N;12496;515;4221;0;0;8503;19:27:48;02/12/2016
18/10/2020;00:06:22;2016;2;Eleição Ordinária;2;221;ELEIÇÕES MUNICIPAIS 2016;30/10/2016;M;RJ;60011;RIO DE JANEIRO;60011;RIO DE JANEIRO;122;11;Prefeito;76102;183;0;76102;183;60292;15810;N;48478;2513;9301;0;0;0;20:40:16;30/10/2016
18/10/2020;00:06:22;2016;2;Eleição Ordinária;1;220;ELEIÇÕES MUNICIPAIS 2016;02/10/2016;M;RJ;58289;SÃO FRANCISCO DE ITABAPOANA;58289;SÃO FRANCISCO DE ITABAPOANA;130;13;Vereador;37180;116;17;37180;116;29589;7591;N;26647;404;1147;1391;0;0;19:39:21;02/10/2016
18/10/2020;00:06:22;2016;2;Eleição Ordinária;1;220;ELEIÇÕES MUNICIPAIS 2016;02/10/2016;M;RJ;60011;RIO DE JANEIRO;60011;RIO DE JANEIRO;3;13;Vereador;42330;104;0;42330;104;29022;13308;N;22332;1479;2845;2366;0;0;13:55:48;01/12/2016
18/10/2020;00:06:22;2016;2;Eleição Ordinária;1;220;ELEIÇÕES MUNICIPAIS 2016;02/10/2016;M;RJ;60011;RIO DE JANEIRO;60011;RIO DE JANEIRO;24;13;Vereador;64058;134;0;64058;134;49958;14100;N;34831;4545;7219;3363;0;0;13:55:48;01/12/2016
18/10/2020;00:06:22;2016;2;Eleição Ordinária;1;220;ELEIÇÕES MUNICIPAIS 2016;02/10/2016;M;RJ;59153;TERESÓPOLIS;59153;TERESÓPOLIS;38;13;Vereador;57328;162;15;57328;162;43244;14084;N;34587;1846;4723;2088;0;0;12:16:09;04/11/2016
18/10/2020;00:06:22;2016;2;Eleição Ordinária;1;220;ELEIÇÕES MUNICIPAIS 2016;02/10/2016;M;RJ;60011;RIO DE JANEIRO;60011;RIO DE JANEIRO;16;11;Prefeito;50194;119;0;50194;119;35359;14835;N;31877;890;2592;0;0;0;13:55:48;01/12/2016
18/10/2020;00:06:22;2016;2;Eleição Ordinária;1;220;ELEIÇÕES MUNICIPAIS 2016;02/10/2016;M;RJ;58971;SÃO GONÇALO;58971;SÃO GONÇALO;69;11;Prefeito;82354;223;6;82354;223;65999;16355;N;47317;6329;12353;0;0;0;19:27:23;02/10/2016
18/10/2020;00:06:22;2016;2;Eleição Ordinária;2;221;ELEIÇÕES MUNICIPAIS 2016;30/10/2016;M;RJ;60011;RIO DE JANEIRO;60011;RIO DE JANEIRO;24;11;Prefeito;64058;134;0;64058;134;48328;15730;N;39179;2176;6973;0;0;0;20:40:16;30/10/2016
18/10/2020;00:06:22;2016;2;Eleição Ordinária;1;220;ELEIÇÕES MUNICIPAIS 2016;02/10/2016;M;RJ;60011;RIO DE JANEIRO;60011;RIO DE JANEIRO;123;13;Vereador;52140;115;1;52140;115;40230;11910;N;29945;2796;5172;2317;0;0;13:55:48;01/12/2016
18/10/2020;00:06:22;2016;2;Eleição Ordinária;1;220;ELEIÇÕES MUNICIPAIS 2016;02/10/2016;M;RJ;60011;RIO DE JANEIRO;60011;RIO DE JANEIRO;10;13;Vereador;53442;126;0;53442;126;39535;13907;N;27630;3164;5985;2756;0;0;13:55:48;01/12/2016
18/10/2020;00:06:22;2016;2;Eleição Ordinária;1;220;ELEIÇÕES MUNICIPAIS 2016;02/10/2016;M;RJ;59056;SÃO SEBASTIÃO DO ALTO;59056;SÃO SEBASTIÃO DO ALTO;60;13;Vereador;7969;28;2;7969;28;6688;1281;N;5871;56;430;331;0;0;15:45:18;08/11/2016
18/10/2020;00:06:22;2016;2;Eleição Ordinária;1;220;ELEIÇÕES MUNICIPAIS 2016;02/10/2016;M;RJ;60011;RIO DE JANEIRO;60011;RIO DE JANEIRO;167;11;Prefeito;71316;163;12;71316;163;54048;17268;N;41783;3948;8317;0;0;0;13:55:48;01/12/2016
18/10/2020;00:06:22;2016;2;Eleição Ordinária;1;220;ELEIÇÕES MUNICIPAIS 2016;02/10/2016;M;RJ;58971;SÃO GONÇALO;58971;SÃO GONÇALO;132;13;Vereador;88226;238;6;88226;238;70256;17970;N;54143;4635;7465;4013;0;0;19:27:23;02/10/2016
18/10/2020;00:06:22;2016;2;Eleição Ordinária;1;220;ELEIÇÕES MUNICIPAIS 2016;02/10/2016;M;RJ;58637;NILÓPOLIS;58637;NILÓPOLIS;80;11;Prefeito;35236;118;1;35236;118;29122;6114;N;26124;799;2199;0;0;0;18:39:39;02/10/2016
18/10/2020;00:06:22;2016;2;Eleição Ordinária;2;221;ELEIÇÕES MUNICIPAIS 2016;30/10/2016;M;RJ;60011;RIO DE JANEIRO;60011;RIO DE JANEIRO;25;11;Prefeito;75454;171;4;75454;171;58665;16789;N;48938;2760;6967;0;0;0;20:40:16;30/10/2016
18/10/2020;00:06:22;2016;2;Eleição Ordinária;1;220;ELEIÇÕES MUNICIPAIS 2016;02/10/2016;M;RJ;58777;PETRÓPOLIS;58777;PETRÓPOLIS;29;13;Vereador;59430;171;35;59430;171;44104;15326;N;34610;2208;4497;2789;0;0;11:10:43;03/11/2016
18/10/2020;00:06:22;2016;2;Eleição Ordinária;1;220;ELEIÇÕES MUNICIPAIS 2016;02/10/2016;M;RJ;58793;PIRAÍ;58793;PIRAÍ;30;11;Prefeito;21902;67;15;21902;67;18658;3244;N;17735;250;673;0;0;0;18:57:30;02/10/2016
18/10/2020;00:06:22;2016;2;Eleição Ordinária;1;220;ELEIÇÕES MUNICIPAIS 2016;02/10/2016;M;RJ;58017;ANGRA DOS REIS;58017;ANGRA DOS REIS;116;13;Vereador;62436;172;23;62436;172;48812;13624;N;42869;1396;2330;2217;0;0;12:27:22;21/02/2017
18/10/2020;00:06:22;2016;2;Eleição Ordinária;1;220;ELEIÇÕES MUNICIPAIS 2016;02/10/2016;M;RJ;58106;GUAPIMIRIM;58106;GUAPIMIRIM;149;13;Vereador;40346;113;18;40346;113;33241;7105;N;29607;655;1119;1860;0;0;13:17:22;20/10/2016
18/10/2020;00:06:22;2016;2;Eleição Ordinária;2;221;ELEIÇÕES MUNICIPAIS 2016;30/10/2016;M;RJ;58653;NITERÓI;58653;NITERÓI;140;11;Prefeito;23601;92;2;23601;92;17624;5977;N;13076;810;3738;0;0;0;19:20:40;30/10/2016
18/10/2020;00:06:22;2016;2;Eleição Ordinária;1;220;ELEIÇÕES MUNICIPAIS 2016;02/10/2016;M;RJ;59072;SAPUCAIA;59072;SAPUCAIA;61;13;Vereador;16856;54;2;16856;54;13958;2898;N;12573;249;453;683;0;0;19:15:35;02/10/2016
18/10/2020;00:06:22;2016;2;Eleição Ordinária;1;220;ELEIÇÕES MUNICIPAIS 2016;02/10/2016;M;RJ;60011;RIO DE JANEIRO;60011;RIO DE JANEIRO;206;13;Vereador;34301;86;0;34301;86;22915;11386;N;16697;1574;2551;2093;0;0;13:55:48;01/12/2016
18/10/2020;00:06:22;2016;2;Eleição Ordinária;1;220;ELEIÇÕES MUNICIPAIS 2016;02/10/2016;M;RJ;60011;RIO DE JANEIRO;60011;RIO DE JANEIRO;185;13;Vereador;61662;133;0;61662;133;46075;15587;N;32532;3756;6641;3146;0;0;13:55:48;01/12/2016
18/10/2020;00:06:22;2016;2;Eleição Ordinária;1;220;ELEIÇÕES MUNICIPAIS 2016;02/10/2016;M;RJ;60011;RIO DE JANEIRO;60011;RIO DE JANEIRO;9;11;Prefeito;111397;247;1;111397;247;86089;25308;N;74218;3865;8006;0;0;0;13:55:48;01/12/2016
18/10/2020;00:06:22;2016;2;Eleição Ordinária;1;220;ELEIÇÕES MUNICIPAIS 2016;02/10/2016;M;RJ;60011;RIO DE JANEIRO;60011;RIO DE JANEIRO;24;11;Prefeito;64058;134;0;64058;134;49958;14100;N;38941;3619;7398;0;0;0;13:55:48;01/12/2016
18/10/2020;00:06:22;2016;2;Eleição Ordinária;1;220;ELEIÇÕES MUNICIPAIS 2016;02/10/2016;M;RJ;58696;NOVA IGUAÇU;58696;NOVA IGUAÇU;82;11;Prefeito;42562;126;5;42562;126;33475;9087;N;26635;1838;5002;0;0;0;15:18:21;10/10/2016
18/10/2020;00:06:22;2016;2;Eleição Ordinária;1;220;ELEIÇÕES MUNICIPAIS 2016;02/10/2016;M;RJ;58815;PORCIÚNCULA;58815;PORCIÚNCULA;45;11;Prefeito;14097;48;0;14097;48;11004;3093;N;10309;181;514;0;0;0;18:27:47;02/10/2016
18/10/2020;00:06:22;2016;2;Eleição Ordinária;1;220;ELEIÇÕES MUNICIPAIS 2016;02/10/2016;M;RJ;60011;RIO DE JANEIRO;60011;RIO DE JANEIRO;232;13;Vereador;33008;78;0;33008;78;25080;7928;N;18262;1689;3487;1642;0;0;13:55:48;01/12/2016
18/10/2020;00:06:22;2016;2;Eleição Ordinária;1;220;ELEIÇÕES MUNICIPAIS 2016;02/10/2016;M;RJ;60011;RIO DE JANEIRO;60011;RIO DE JANEIRO;179;13;Vereador;121087;268;3;121087;268;92853;28234;N;62426;9658;14108;6661;0;0;13:55:48;01/12/2016
18/10/2020;00:06:22;2016;2;Eleição Ordinária;1;220;ELEIÇÕES MUNICIPAIS 2016;02/10/2016;M;RJ;58319;DUAS BARRAS;58319;DUAS BARRAS;53;13;Vereador;9710;30;4;9710;30;8554;1156;N;7224;81;814;435;0;0;18:33:52;02/10/2016
18/10/2020;00:06:22;2016;2;Eleição Ordinária;2;221;ELEIÇÕES MUNICIPAIS 2016;30/10/2016;M;RJ;60011;RIO DE JANEIRO;60011;RIO DE JANEIRO;175;11;Prefeito;53625;135;1;53625;135;39653;13972;N;32276;1847;5530;0;0;0;20:40:16;30/10/2016
18/10/2020;00:06:22;2016;2;Eleição Ordinária;2;221;ELEIÇÕES MUNICIPAIS 2016;30/10/2016;M;RJ;60011;RIO DE JANEIRO;60011;RIO DE JANEIRO;160;11;Prefeito;43269;107;0;43269;107;31830;11439;N;25255;1348;5227;0;0;0;20:40:16;30/10/2016
18/10/2020;00:06:22;2016;2;Eleição Ordinária;2;221;ELEIÇÕES MUNICIPAIS 2016;30/10/2016;M;RJ;60011;RIO DE JANEIRO;60011;RIO DE JANEIRO;22;11;Prefeito;65783;156;7;65783;156;48238;17545;N;37550;1984;8704;0;0;0;20:40:16;30/10/2016
18/10/2020;00:06:22;2016;2;Eleição Ordinária;2;221;ELEIÇÕES MUNICIPAIS 2016;30/10/2016;M;RJ;59250;VOLTA REDONDA;59250;VOLTA REDONDA;131;11;Prefeito;64912;185;1;64912;185;49470;15442;N;46267;755;2448;0;0;0;19:00:40;30/10/2016
18/10/2020;00:06:22;2016;2;Eleição Ordinária;1;220;ELEIÇÕES MUNICIPAIS 2016;02/10/2016;M;RJ;58017;ANGRA DOS REIS;58017;ANGRA DOS REIS;147;11;Prefeito;67018;183;11;67018;183;53008;14010;N;48061;1562;3385;0;0;0;12:27:22;21/02/2017
18/10/2020;00:06:22;2016;2;Eleição Ordinária;2;221;ELEIÇÕES MUNICIPAIS 2016;30/10/2016;M;RJ;58335;DUQUE DE CAXIAS;58335;DUQUE DE CAXIAS;79;11;Prefeito;89395;242;14;89395;242;68905;20490;N;58578;2692;7635;0;0;0;18:40:20;30/10/2016
18/10/2020;00:06:22;2016;2;Eleição Ordinária;2;221;ELEIÇÕES MUNICIPAIS 2016;30/10/2016;M;RJ;60011;RIO DE JANEIRO;60011;RIO DE JANEIRO;219;11;Prefeito;62846;153;4;62846;153;46519;16327;N;37259;1973;7287;0;0;0;20:40:16;30/10/2016
18/10/2020;00:06:22;2016;2;Eleição Ordinária;2;221;ELEIÇÕES MUNICIPAIS 2016;30/10/2016;M;RJ;60011;RIO DE JANEIRO;60011;RIO DE JANEIRO;240;11;Prefeito;44443;113;1;44443;113;31838;12605;N;26335;1499;4004;0;0;0;20:40:16;30/10/2016
18/10/2020;00:06:22;2016;2;Eleição Ordinária;1;220;ELEIÇÕES MUNICIPAIS 2016;02/10/2016;M;RJ;60011;RIO DE JANEIRO;60011;RIO DE JANEIRO;210;11;Prefeito;44599;98;2;44599;98;35190;9409;N;29015;1502;4673;0;0;0;13:55:48;01/12/2016
18/10/2020;00:06:22;2016;2;Eleição Ordinária;1;220;ELEIÇÕES MUNICIPAIS 2016;02/10/2016;M;RJ;58971;SÃO GONÇALO;58971;SÃO GONÇALO;197;11;Prefeito;35754;111;2;35754;111;27416;8338;N;21525;1658;4233;0;0;0;19:27:23;02/10/2016
18/10/2020;00:06:22;2016;2;Eleição Ordinária;1;220;ELEIÇÕES MUNICIPAIS 2016;02/10/2016;M;RJ;60011;RIO DE JANEIRO;60011;RIO DE JANEIRO;20;13;Vereador;46947;110;1;46947;110;35146;11801;N;25662;2057;4962;2465;0;0;13:55:48;01/12/2016
18/10/2020;00:06:22;2016;2;Eleição Ordinária;1;220;ELEIÇÕES MUNICIPAIS 2016;02/10/2016;M;RJ;60011;RIO DE JANEIRO;60011;RIO DE JANEIRO;14;13;Vereador;35865;85;0;35865;85;26930;8935;N;18711;1894;4477;1848;0;0;13:55:48;01/12/2016
18/10/2020;00:06:22;2016;2;Eleição Ordinária;2;221;ELEIÇÕES MUNICIPAIS 2016;30/10/2016;M;RJ;60011;RIO DE JANEIRO;60011;RIO DE JANEIRO;124;11;Prefeito;32131;74;12;32131;74;23762;8369;N;18614;968;4180;0;0;0;20:40:16;30/10/2016
18/10/2020;00:06:22;2016;2;Eleição Ordinária;2;221;ELEIÇÕES MUNICIPAIS 2016;30/10/2016;M;RJ;58653;NITERÓI;58653;NITERÓI;142;11;Prefeito;36130;113;3;36130;113;27924;8206;N;21539;1307;5078;0;0;0;19:20:40;30/10/2016
18/10/2020;00:06:22;2016;2;Eleição Ordinária;1;220;ELEIÇÕES MUNICIPAIS 2016;02/10/2016;M;RJ;60011;RIO DE JANEIRO;60011;RIO DE JANEIRO;2;11;Prefeito;49511;136;0;49511;136;36877;12634;N;29668;2381;4828;0;0;0;13:55:48;01/12/2016
18/10/2020;00:06:22;2016;2;Eleição Ordinária;1;220;ELEIÇÕES MUNICIPAIS 2016;02/10/2016;M;RJ;58653;NITERÓI;58653;NITERÓI;114;13;Vereador;25224;99;2;25224;99;20234;4990;N;15459;1063;2585;1127;0;0;19:51:16;02/10/2016
18/10/2020;00:06:22;2016;2;Eleição Ordinária;1;220;ELEIÇÕES MUNICIPAIS 2016;02/10/2016;M;RJ;58017;ANGRA DOS REIS;58017;ANGRA DOS REIS;147;13;Vereador;67018;183;11;67018;183;53008;14010;N;46603;1449;2170;2786;0;0;12:27:22;21/02/2017
18/10/2020;00:06:22;2016;2;Eleição Ordinária;1;220;ELEIÇÕES MUNICIPAIS 2016;02/10/2016;M;RJ;59013;SÃO JOÃO DE MERITI;59013;SÃO JOÃO DE MERITI;88;13;Vereador;70740;202;2;70740;202;56488;14252;N;46686;2519;5068;2215;0;0;16:32:42;06/10/2016
18/10/2020;00:06:22;2016;2;Eleição Ordinária;1;220;ELEIÇÕES MUNICIPAIS 2016;02/10/2016;M;RJ;59234;VASSOURAS;59234;VASSOURAS;41;13;Vereador;30232;94;15;30232;94;24027;6205;N;21729;485;703;1110;0;0;10:20:41;13/10/2016
18/10/2020;00:06:22;2016;2;Eleição Ordinária;1;220;ELEIÇÕES MUNICIPAIS 2016;02/10/2016;M;RJ;58130;CABO FRIO;58130;CABO FRIO;96;11;Prefeito;74689;203;8;74689;203;57697;16992;N;52261;1541;3895;0;0;0;11:50:28;03/11/2016
18/10/2020;00:06:22;2016;2;Eleição Ordinária;1;220;ELEIÇÕES MUNICIPAIS 2016;02/10/2016;M;RJ;60011;RIO DE JANEIRO;60011;RIO DE JANEIRO;246;11;Prefeito;96353;213;6;96353;213;79442;16911;N;62796;5639;11007;0;0;0;13:55:48;01/12/2016
18/10/2020;00:06:22;2016;2;Eleição Ordinária;2;221;ELEIÇÕES MUNICIPAIS 2016;30/10/2016;M;RJ;60011;RIO DE JANEIRO;60011;RIO DE JANEIRO;15;11;Prefeito;34693;88;2;34693;88;24899;9794;N;19301;998;4600;0;0;0;20:40:16;30/10/2016
18/10/2020;00:06:22;2016;2;Eleição Ordinária;2;221;ELEIÇÕES MUNICIPAIS 2016;30/10/2016;M;RJ;60011;RIO DE JANEIRO;60011;RIO DE JANEIRO;207;11;Prefeito;29946;70;1;29946;70;22221;7725;N;17250;857;4114;0;0;0;20:40:16;30/10/2016
18/10/2020;00:06:22;2016;2;Eleição Ordinária;2;221;ELEIÇÕES MUNICIPAIS 2016;30/10/2016;M;RJ;60011;RIO DE JANEIRO;60011;RIO DE JANEIRO;244;11;Prefeito;35915;102;1;35915;102;27370;8545;N;21995;1030;4345;0;0;0;20:40:16;30/10/2016
18/10/2020;00:06:22;2016;2;Eleição Ordinária;1;220;ELEIÇÕES MUNICIPAIS 2016;02/10/2016;M;RJ;58971;SÃO GONÇALO;58971;SÃO GONÇALO;134;11;Prefeito;38583;114;18;38583;114;30166;8417;N;22436;2279;5451;0;0;0;19:27:23;02/10/2016
18/10/2020;00:06:22;2016;2;Eleição Ordinária;2;221;ELEIÇÕES MUNICIPAIS 2016;30/10/2016;M;RJ;58971;SÃO GONÇALO;58971;SÃO GONÇALO;136;11;Prefeito;49249;143;2;49249;143;36339;12910;N;29947;1429;4963;0;0;0;19:10:20;30/10/2016
18/10/2020;00:06:22;2016;2;Eleição Ordinária;1;220;ELEIÇÕES MUNICIPAIS 2016;02/10/2016;M;RJ;58530;MARICÁ;58530;MARICÁ;55;13;Vereador;101282;269;13;101282;269;81437;19845;N;69841;2096;5494;4006;0;0;14:29:26;17/11/2016
18/10/2020;00:06:22;2016;2;Eleição Ordinária;1;220;ELEIÇÕES MUNICIPAIS 2016;02/10/2016;M;RJ;58971;SÃO GONÇALO;58971;SÃO GONÇALO;68;13;Vereador;53365;144;1;53365;144;41792;11573;N;32277;2338;5154;2023;0;0;19:27:23;02/10/2016
18/10/2020;00:06:22;2016;2;Eleição Ordinária;1;220;ELEIÇÕES MUNICIPAIS 2016;02/10/2016;M;RJ;58190;CAMPOS DOS GOYTACAZES;58190;CAMPOS DOS GOYTACAZES;99;13;Vereador;37801;121;0;37801;121;30204;7597;N;26061;932;1536;1675;0;0;13:52:20;08/04/2019
18/10/2020;00:06:22;2016;2;Eleição Ordinária;2;221;ELEIÇÕES MUNICIPAIS 2016;30/10/2016;M;RJ;60011;RIO DE JANEIRO;60011;RIO DE JANEIRO;164;11;Prefeito;32260;84;0;32260;84;21954;10306;N;18478;748;2728;0;0;0;20:40:16;30/10/2016
18/10/2020;00:06:22;2016;2;Eleição Ordinária;2;221;ELEIÇÕES MUNICIPAIS 2016;30/10/2016;M;RJ;60011;RIO DE JANEIRO;60011;RIO DE JANEIRO;189;11;Prefeito;47073;109;0;47073;109;34378;12695;N;26644;1508;6226;0;0;0;20:40:16;30/10/2016
18/10/2020;00:06:22;2016;2;Eleição Ordinária;2;221;ELEIÇÕES MUNICIPAIS 2016;30/10/2016;M;RJ;58041;BELFORD ROXO;58041;BELFORD ROXO;153;11;Prefeito;76461;216;6;76461;216;57101;19360;N;47100;2603;7398;0;0;0;18:35:14;30/10/2016
18/10/2020;00:06:22;2016;2;Eleição Ordinária;2;221;ELEIÇÕES MUNICIPAIS 2016;30/10/2016;M;RJ;59250;VOLTA REDONDA;59250;VOLTA REDONDA;47;11;Prefeito;60829;166;0;60829;166;47658;13171;N;44699;776;2183;0;0;0;19:00:40;30/10/2016
18/10/2020;00:06:22;2016;2;Eleição Ordinária;1;220;ELEIÇÕES MUNICIPAIS 2016;02/10/2016;M;RJ;58262;IGUABA GRANDE;58262;IGUABA GRANDE;181;11;Prefeito;21857;73;2;21857;73;17209;4648;N;11016;366;5827;0;0;0;18:00:39;27/12/2016
18/10/2020;00:06:22;2016;2;Eleição Ordinária;1;220;ELEIÇÕES MUNICIPAIS 2016;02/10/2016;M;RJ;60011;RIO DE JANEIRO;60011;RIO DE JANEIRO;217;11;Prefeito;50081;117;0;50081;117;38117;11964;N;30716;1953;5448;0;0;0;13:55:48;01/12/2016
18/10/2020;00:06:22;2016;2;Eleição Ordinária;1;220;ELEIÇÕES MUNICIPAIS 2016;02/10/2016;M;RJ;58025;QUATIS;58025;QUATIS;183;11;Prefeito;10393;31;1;10393;31;8777;1616;N;8185;172;420;0;0;0;18:21:22;02/10/2016
18/10/2020;00:06:22;2016;2;Eleição Ordinária;1;220;ELEIÇÕES MUNICIPAIS 2016;02/10/2016;M;RJ;58076;BARRA MANSA;58076;BARRA MANSA;203;11;Prefeito;42057;129;1;42057;129;34131;7926;N;27729;2243;4159;0;0;0;18:45:36;02/10/2016
18/10/2020;00:06:22;2016;2;Eleição Ordinária;1;220;ELEIÇÕES MUNICIPAIS 2016;02/10/2016;M;RJ;58653;NITERÓI;58653;NITERÓI;144;13;Vereador;35199;127;8;35199;127;29625;5574;N;23816;1401;3052;1356;0;0;19:51:16;02/10/2016
18/10/2020;00:06:22;2016;2;Eleição Ordinária;1;220;ELEIÇÕES MUNICIPAIS 2016;02/10/2016;M;RJ;60011;RIO DE JANEIRO;60011;RIO DE JANEIRO;2;13;Vereador;49511;136;0;49511;136;36877;12634;N;26183;3249;4636;2809;0;0;13:55:48;01/12/2016
18/10/2020;00:06:22;2016;2;Eleição Ordinária;1;220;ELEIÇÕES MUNICIPAIS 2016;02/10/2016;M;RJ;60011;RIO DE JANEIRO;60011;RIO DE JANEIRO;22;13;Vereador;65783;156;7;65783;156;50262;15521;N;38870;2727;5695;2970;0;0;13:55:48;01/12/2016
18/10/2020;00:06:22;2016;2;Eleição Ordinária;1;220;ELEIÇÕES MUNICIPAIS 2016;02/10/2016;M;RJ;60011;RIO DE JANEIRO;60011;RIO DE JANEIRO;190;11;Prefeito;44150;99;1;44150;99;33981;10169;N;27518;1540;4923;0;0;0;13:55:48;01/12/2016
18/10/2020;00:06:22;2016;2;Eleição Ordinária;1;220;ELEIÇÕES MUNICIPAIS 2016;02/10/2016;M;RJ;58432;ITAPERUNA;58432;ITAPERUNA;107;13;Vereador;75770;223;41;75770;223;59620;16150;N;52604;1531;1929;3556;0;0;18:39:40;02/10/2016
18/10/2020;00:06:22;2016;2;Eleição Ordinária;1;220;ELEIÇÕES MUNICIPAIS 2016;02/10/2016;M;RJ;58467;MESQUITA;58467;MESQUITA;150;13;Vereador;73685;207;6;73685;207;59262;14423;N;49295;2163;5035;2769;0;0;14:00:34;21/10/2016
18/10/2020;00:06:22;2016;2;Eleição Ordinária;1;220;ELEIÇÕES MUNICIPAIS 2016;02/10/2016;M;RJ;58777;PETRÓPOLIS;58777;PETRÓPOLIS;227;11;Prefeito;43769;129;6;43769;129;32472;11297;N;25578;2050;4844;0;0;0;11:10:43;03/11/2016
18/10/2020;00:06:22;2016;2;Eleição Ordinária;1;220;ELEIÇÕES MUNICIPAIS 2016;02/10/2016;M;RJ;58076;BARRA MANSA;58076;BARRA MANSA;94;13;Vereador;47279;152;18;47279;152;37502;9777;N;31762;1314;2940;1486;0;0;15:14:19;24/11/2016
18/10/2020;00:06:22;2016;2;Eleição Ordinária;2;221;ELEIÇÕES MUNICIPAIS 2016;30/10/2016;M;RJ;58971;SÃO GONÇALO;58971;SÃO GONÇALO;197;11;Prefeito;35754;111;2;35754;111;26311;9443;N;21830;936;3545;0;0;0;19:10:20;30/10/2016
18/10/2020;00:06:22;2016;2;Eleição Ordinária;1;220;ELEIÇÕES MUNICIPAIS 2016;02/10/2016;M;RJ;60011;RIO DE JANEIRO;60011;RIO DE JANEIRO;217;13;Vereador;50081;117;0;50081;117;38117;11964;N;27796;2576;5408;2337;0;0;13:55:48;01/12/2016
18/10/2020;00:06:22;2016;2;Eleição Ordinária;1;220;ELEIÇÕES MUNICIPAIS 2016;02/10/2016;M;RJ;60011;RIO DE JANEIRO;60011;RIO DE JANEIRO;243;13;Vereador;63519;140;5;63519;140;51905;11614;N;36747;5001;6915;3242;0;0;13:55:48;01/12/2016
18/10/2020;00:06:22;2016;2;Eleição Ordinária;1;220;ELEIÇÕES MUNICIPAIS 2016;02/10/2016;M;RJ;60011;RIO DE JANEIRO;60011;RIO DE JANEIRO;208;13;Vereador;28926;77;0;28926;77;21384;7542;N;14696;1723;3355;1610;0;0;13:55:48;01/12/2016
18/10/2020;00:06:22;2016;2;Eleição Ordinária;1;220;ELEIÇÕES MUNICIPAIS 2016;02/10/2016;M;RJ;60011;RIO DE JANEIRO;60011;RIO DE JANEIRO;246;13;Vereador;96353;213;6;96353;213;79442;16911;N;57690;6883;10213;4656;0;0;13:55:48;01/12/2016
18/10/2020;00:06:22;2016;2;Eleição Ordinária;1;220;ELEIÇÕES MUNICIPAIS 2016;02/10/2016;M;RJ;60011;RIO DE JANEIRO;60011;RIO DE JANEIRO;160;11;Prefeito;43269;107;0;43269;107;32854;10415;N;26432;1802;4620;0;0;0;13:55:48;01/12/2016
18/10/2020;00:06:22;2016;2;Eleição Ordinária;1;220;ELEIÇÕES MUNICIPAIS 2016;02/10/2016;M;RJ;58971;SÃO GONÇALO;58971;SÃO GONÇALO;135;11;Prefeito;65774;184;4;65774;184;51279;14495;N;38872;3519;8888;0;0;0;19:27:23;02/10/2016
18/10/2020;00:06:22;2016;2;Eleição Ordinária;2;221;ELEIÇÕES MUNICIPAIS 2016;30/10/2016;M;RJ;60011;RIO DE JANEIRO;60011;RIO DE JANEIRO;21;11;Prefeito;58322;135;0;58322;135;43643;14679;N;35927;1935;5781;0;0;0;20:40:16;30/10/2016
18/10/2020;00:06:22;2016;2;Eleição Ordinária;1;220;ELEIÇÕES MUNICIPAIS 2016;02/10/2016;M;RJ;58017;ANGRA DOS REIS;58017;ANGRA DOS REIS;116;11;Prefeito;62436;172;23;62436;172;48812;13624;N;43974;1452;3386;0;0;0;12:27:22;21/02/2017
18/10/2020;00:06:22;2016;2;Eleição Ordinária;1;220;ELEIÇÕES MUNICIPAIS 2016;02/10/2016;M;RJ;60011;RIO DE JANEIRO;60011;RIO DE JANEIRO;15;13;Vereador;34693;88;2;34693;88;25736;8957;N;18053;1899;3968;1816;0;0;13:55:48;01/12/2016
18/10/2020;00:06:22;2016;1;Eleição Suplementar;1;314;ELEIÇÃO SUPLEMENTAR DE TERESÓPOLIS;03/06/2018;M;RJ;59153;TERESÓPOLIS;59153;TERESÓPOLIS;195;11;Prefeito;69030;205;22;69030;205;45101;23929;N;34512;2099;8490;0;0;0;19:28:59;03/06/2018
18/10/2020;00:06:22;2016;2;Eleição Ordinária;1;220;ELEIÇÕES MUNICIPAIS 2016;02/10/2016;M;RJ;60011;RIO DE JANEIRO;60011;RIO DE JANEIRO;4;11;Prefeito;49210;126;0;49210;126;35697;13513;N;32067;937;2693;0;0;0;13:55:48;01/12/2016
18/10/2020;00:06:22;2016;2;Eleição Ordinária;1;220;ELEIÇÕES MUNICIPAIS 2016;02/10/2016;M;RJ;60011;RIO DE JANEIRO;60011;RIO DE JANEIRO;214;11;Prefeito;49850;113;0;49850;113;36947;12903;N;30644;1650;4653;0;0;0;13:55:48;01/12/2016
18/10/2020;00:06:22;2016;2;Eleição Ordinária;1;220;ELEIÇÕES MUNICIPAIS 2016;02/10/2016;M;RJ;58416;ITAOCARA;58416;ITAOCARA;106;11;Prefeito;19315;74;8;19315;74;16315;3000;N;11646;273;4396;0;0;0;18:03:41;02/10/2016
18/10/2020;00:06:22;2016;2;Eleição Ordinária;1;220;ELEIÇÕES MUNICIPAIS 2016;02/10/2016;M;RJ;60011;RIO DE JANEIRO;60011;RIO DE JANEIRO;17;13;Vereador;49447;128;0;49447;128;34029;15418;N;26169;1856;3022;2982;0;0;13:55:48;01/12/2016
18/10/2020;00:06:22;2016;2;Eleição Ordinária;1;220;ELEIÇÕES MUNICIPAIS 2016;02/10/2016;M;RJ;58130;CABO FRIO;58130;CABO FRIO;256;13;Vereador;71745;197;12;71745;197;56211;15534;N;48998;1787;2620;2806;0;0;11:50:28;03/11/2016
18/10/2020;00:06:22;2016;2;Eleição Ordinária;2;221;ELEIÇÕES MUNICIPAIS 2016;30/10/2016;M;RJ;58653;NITERÓI;58653;NITERÓI;71;11;Prefeito;45525;131;0;45525;131;35338;10187;N;26125;1694;7519;0;0;0;19:20:40;30/10/2016
18/10/2020;00:06:22;2016;2;Eleição Ordinária;1;220;ELEIÇÕES MUNICIPAIS 2016;02/10/2016;M;RJ;59196;TRÊS RIOS;59196;TRÊS RIOS;174;13;Vereador;39923;113;15;39923;113;33320;6603;N;29260;1073;1450;1537;0;0;12:11:16;31/10/2016
18/10/2020;00:06:22;2016;2;Eleição Ordinária;1;220;ELEIÇÕES MUNICIPAIS 2016;02/10/2016;M;RJ;59277;ARRAIAL DO CABO;59277;ARRAIAL DO CABO;146;11;Prefeito;28879;83;5;28879;83;23046;5833;N;13877;353;8816;0;0;0;14:42:08;29/11/2016
18/10/2020;00:06:22;2016;2;Eleição Ordinária;1;220;ELEIÇÕES MUNICIPAIS 2016;02/10/2016;M;RJ;60011;RIO DE JANEIRO;60011;RIO DE JANEIRO;209;11;Prefeito;36168;87;3;36168;87;27608;8560;N;22313;1477;3818;0;0;0;13:55:48;01/12/2016
18/10/2020;00:06:22;2016;2;Eleição Ordinária;1;220;ELEIÇÕES MUNICIPAIS 2016;02/10/2016;M;RJ;58335;DUQUE DE CAXIAS;58335;DUQUE DE CAXIAS;127;13;Vereador;87617;254;7;87617;254;71588;16029;N;58350;3583;6138;3517;0;0;19:33:46;02/10/2016
18/10/2020;00:06:22;2016;2;Eleição Ordinária;1;220;ELEIÇÕES MUNICIPAIS 2016;02/10/2016;M;RJ;60011;RIO DE JANEIRO;60011;RIO DE JANEIRO;211;11;Prefeito;75755;178;1;75755;178;55545;20210;N;47013;3409;5123;0;0;0;13:55:48;01/12/2016
18/10/2020;00:06:22;2016;2;Eleição Ordinária;1;220;ELEIÇÕES MUNICIPAIS 2016;02/10/2016;M;RJ;60011;RIO DE JANEIRO;60011;RIO DE JANEIRO;252;11;Prefeito;45444;99;0;45444;99;30752;14692;N;27413;1134;2205;0;0;0;13:55:48;01/12/2016
18/10/2020;00:06:22;2016;2;Eleição Ordinária;1;220;ELEIÇÕES MUNICIPAIS 2016;02/10/2016;M;RJ;60011;RIO DE JANEIRO;60011;RIO DE JANEIRO;237;11;Prefeito;42187;95;0;42187;95;33237;8950;N;26198;2120;4919;0;0;0;13:55:48;01/12/2016
18/10/2020;00:06:22;2016;2;Eleição Ordinária;1;220;ELEIÇÕES MUNICIPAIS 2016;02/10/2016;M;RJ;60011;RIO DE JANEIRO;60011;RIO DE JANEIRO;233;11;Prefeito;48284;113;1;48284;113;38016;10268;N;29790;2359;5867;0;0;0;13:55:48;01/12/2016
18/10/2020;00:06:22;2016;2;Eleição Ordinária;1;220;ELEIÇÕES MUNICIPAIS 2016;02/10/2016;M;RJ;59250;VOLTA REDONDA;59250;VOLTA REDONDA;131;13;Vereador;64912;185;1;64912;185;51226;13686;N;43316;1934;3813;2163;0;0;15:05:33;06/10/2017
18/10/2020;00:06:22;2016;2;Eleição Ordinária;1;220;ELEIÇÕES MUNICIPAIS 2016;02/10/2016;M;RJ;58297;CORDEIRO;58297;CORDEIRO;52;13;Vereador;16698;51;3;16698;51;13630;3068;N;12073;342;582;633;0;0;18:51:19;02/10/2016
18/10/2020;00:06:22;2016;2;Eleição Ordinária;1;220;ELEIÇÕES MUNICIPAIS 2016;02/10/2016;M;RJ;60011;RIO DE JANEIRO;60011;RIO DE JANEIRO;230;13;Vereador;58020;126;2;58020;126;47093;10927;N;31142;3695;9335;2921;0;0;13:55:48;01/12/2016
18/10/2020;00:06:22;2016;2;Eleição Ordinária;1;220;ELEIÇÕES MUNICIPAIS 2016;02/10/2016;M;RJ;60011;RIO DE JANEIRO;60011;RIO DE JANEIRO;9;13;Vereador;111397;247;1;111397;247;86089;25308;N;62701;6996;9713;6679;0;0;13:55:48;01/12/2016
18/10/2020;00:06:22;2016;2;Eleição Ordinária;1;220;ELEIÇÕES MUNICIPAIS 2016;02/10/2016;M;RJ;58971;SÃO GONÇALO;58971;SÃO GONÇALO;135;13;Vereador;65774;184;4;65774;184;51279;14495;N;39640;2917;6318;2404;0;0;19:27:23;02/10/2016
18/10/2020;00:06:22;2016;2;Eleição Ordinária;1;220;ELEIÇÕES MUNICIPAIS 2016;02/10/2016;M;RJ;58939;SANTO ANTÔNIO DE PÁDUA;58939;SANTO ANTÔNIO DE PÁDUA;34;11;Prefeito;33145;109;17;33145;109;26579;6566;N;25162;350;1067;0;0;0;14:05:31;18/10/2016
18/10/2020;00:06:22;2016;2;Eleição Ordinária;1;220;ELEIÇÕES MUNICIPAIS 2016;02/10/2016;M;RJ;58270;CONCEIÇÃO DE MACABU;58270;CONCEIÇÃO DE MACABU;51;13;Vereador;17631;65;8;17631;65;14202;3429;N;12891;257;354;700;0;0;18:33:38;02/10/2016
18/10/2020;00:06:22;2016;2;Eleição Ordinária;1;220;ELEIÇÕES MUNICIPAIS 2016;02/10/2016;M;RJ;59250;VOLTA REDONDA;59250;VOLTA REDONDA;202;13;Vereador;47705;145;4;47705;145;39353;8352;N;33349;1437;2645;1922;0;0;15:05:33;06/10/2017
18/10/2020;00:06:22;2016;2;Eleição Ordinária;1;220;ELEIÇÕES MUNICIPAIS 2016;02/10/2016;M;RJ;58890;RIO DAS FLORES;58890;RIO DAS FLORES;58;11;Prefeito;8501;24;2;8501;24;7472;1029;N;7181;46;245;0;0;0;18:39:40;02/10/2016
18/10/2020;00:06:22;2016;2;Eleição Ordinária;2;221;ELEIÇÕES MUNICIPAIS 2016;30/10/2016;M;RJ;58777;PETRÓPOLIS;58777;PETRÓPOLIS;29;11;Prefeito;59430;171;35;59430;171;42170;17260;N;35239;1468;5463;0;0;0;19:20:40;30/10/2016
18/10/2020;00:06:22;2016;2;Eleição Ordinária;1;220;ELEIÇÕES MUNICIPAIS 2016;02/10/2016;M;RJ;58386;MACUCO;58386;MACUCO;52;11;Prefeito;7113;24;2;7113;24;6189;924;N;4489;75;1625;0;0;0;19:03:45;02/10/2016
18/10/2020;00:06:22;2016;2;Eleição Ordinária;1;220;ELEIÇÕES MUNICIPAIS 2016;02/10/2016;M;RJ;60011;RIO DE JANEIRO;60011;RIO DE JANEIRO;7;11;Prefeito;72571;174;0;72571;174;52498;20073;N;46142;1379;4977;0;0;0;13:55:48;01/12/2016
18/10/2020;00:06:22;2016;2;Eleição Ordinária;2;221;ELEIÇÕES MUNICIPAIS 2016;30/10/2016;M;RJ;58335;DUQUE DE CAXIAS;58335;DUQUE DE CAXIAS;128;11;Prefeito;57710;162;3;57710;162;45611;12099;N;39853;1274;4484;0;0;0;18:40:20;30/10/2016
18/10/2020;00:06:22;2016;2;Eleição Ordinária;2;221;ELEIÇÕES MUNICIPAIS 2016;30/10/2016;M;RJ;60011;RIO DE JANEIRO;60011;RIO DE JANEIRO;167;11;Prefeito;71316;163;12;71316;163;52215;19101;N;42098;2484;7633;0;0;0;20:40:16;30/10/2016
18/10/2020;00:06:22;2016;2;Eleição Ordinária;2;221;ELEIÇÕES MUNICIPAIS 2016;30/10/2016;M;RJ;58971;SÃO GONÇALO;58971;SÃO GONÇALO;135;11;Prefeito;65774;184;4;65774;184;48817;16957;N;39153;1955;7709;0;0;0;19:10:20;30/10/2016
18/10/2020;00:06:22;2016;2;Eleição Ordinária;1;220;ELEIÇÕES MUNICIPAIS 2016;02/10/2016;M;RJ;60011;RIO DE JANEIRO;60011;RIO DE JANEIRO;241;13;Vereador;62235;135;0;62235;135;50818;11417;N;36125;4818;6659;3216;0;0;13:55:48;01/12/2016
18/10/2020;00:06:22;2016;2;Eleição Ordinária;1;220;ELEIÇÕES MUNICIPAIS 2016;02/10/2016;M;RJ;60011;RIO DE JANEIRO;60011;RIO DE JANEIRO;161;13;Vereador;84663;187;2;84663;187;65724;18939;N;48058;5845;7221;4600;0;0;13:55:48;01/12/2016
18/10/2020;00:06:22;2016;2;Eleição Ordinária;1;220;ELEIÇÕES MUNICIPAIS 2016;02/10/2016;M;RJ;60011;RIO DE JANEIRO;60011;RIO DE JANEIRO;117;13;Vereador;47290;115;0;47290;115;35060;12230;N;24469;2538;5486;2567;0;0;13:55:48;01/12/2016
18/10/2020;00:06:22;2016;2;Eleição Ordinária;2;221;ELEIÇÕES MUNICIPAIS 2016;30/10/2016;M;RJ;60011;RIO DE JANEIRO;60011;RIO DE JANEIRO;2;11;Prefeito;49511;136;0;49511;136;35707;13804;N;28879;1545;5283;0;0;0;20:40:16;30/10/2016
18/10/2020;00:06:22;2016;2;Eleição Ordinária;1;220;ELEIÇÕES MUNICIPAIS 2016;02/10/2016;M;RJ;60011;RIO DE JANEIRO;60011;RIO DE JANEIRO;214;13;Vereador;49850;113;0;49850;113;36947;12903;N;26462;2451;5352;2682;0;0;13:55:48;01/12/2016
18/10/2020;00:06:22;2016;2;Eleição Ordinária;1;220;ELEIÇÕES MUNICIPAIS 2016;02/10/2016;M;RJ;60011;RIO DE JANEIRO;60011;RIO DE JANEIRO;176;11;Prefeito;48324;113;3;48324;113;37470;10854;N;29380;2462;5628;0;0;0;13:55:48;01/12/2016
18/10/2020;00:06:22;2016;2;Eleição Ordinária;1;220;ELEIÇÕES MUNICIPAIS 2016;02/10/2016;M;RJ;58971;SÃO GONÇALO;58971;SÃO GONÇALO;68;11;Prefeito;53365;144;1;53365;144;41792;11573;N;32299;2709;6784;0;0;0;19:27:23;02/10/2016
18/10/2020;00:06:22;2016;2;Eleição Ordinária;1;220;ELEIÇÕES MUNICIPAIS 2016;02/10/2016;M;RJ;58335;DUQUE DE CAXIAS;58335;DUQUE DE CAXIAS;77;11;Prefeito;33534;95;3;33534;95;26661;6873;N;22197;1275;3189;0;0;0;19:33:46;02/10/2016
18/10/2020;00:06:22;2016;2;Eleição Ordinária;2;221;ELEIÇÕES MUNICIPAIS 2016;30/10/2016;M;RJ;58971;SÃO GONÇALO;58971;SÃO GONÇALO;69;11;Prefeito;82354;223;6;82354;223;62649;19705;N;48858;3531;10260;0;0;0;19:10:20;30/10/2016
18/10/2020;00:06:22;2016;2;Eleição Ordinária;1;220;ELEIÇÕES MUNICIPAIS 2016;02/10/2016;M;RJ;60011;RIO DE JANEIRO;60011;RIO DE JANEIRO;189;13;Vereador;47073;109;0;47073;109;35458;11615;N;25347;2688;5089;2334;0;0;13:55:48;01/12/2016
18/10/2020;00:06:22;2016;2;Eleição Ordinária;2;221;ELEIÇÕES MUNICIPAIS 2016;30/10/2016;M;RJ;60011;RIO DE JANEIRO;60011;RIO DE JANEIRO;171;11;Prefeito;42026;100;2;42026;100;29279;12747;N;23507;1112;4660;0;0;0;20:40:16;30/10/2016
18/10/2020;00:06:22;2016;2;Eleição Ordinária;1;220;ELEIÇÕES MUNICIPAIS 2016;02/10/2016;M;RJ;58670;NOVA FRIBURGO;58670;NOVA FRIBURGO;26;11;Prefeito;64519;194;14;64519;194;49275;15244;N;43301;1588;4386;0;0;0;19:45:40;02/10/2016
18/10/2020;00:06:22;2016;2;Eleição Ordinária;1;220;ELEIÇÕES MUNICIPAIS 2016;02/10/2016;M;RJ;60011;RIO DE JANEIRO;60011;RIO DE JANEIRO;209;13;Vereador;36168;87;3;36168;87;27608;8560;N;19675;2020;4112;1801;0;0;13:55:48;01/12/2016
18/10/2020;00:06:22;2016;2;Eleição Ordinária;1;220;ELEIÇÕES MUNICIPAIS 2016;02/10/2016;M;RJ;59218;VALENÇA;59218;VALENÇA;111;11;Prefeito;58723;178;27;58723;178;44885;13838;N;39812;1457;3616;0;0;0;19:09:35;02/10/2016
18/10/2020;00:06:22;2016;2;Eleição Ordinária;1;220;ELEIÇÕES MUNICIPAIS 2016;02/10/2016;M;RJ;60011;RIO DE JANEIRO;60011;RIO DE JANEIRO;182;11;Prefeito;86695;200;7;86695;200;67864;18831;N;54518;4219;9127;0;0;0;13:55:48;01/12/2016
18/10/2020;00:06:22;2016;2;Eleição Ordinária;1;220;ELEIÇÕES MUNICIPAIS 2016;02/10/2016;M;RJ;60011;RIO DE JANEIRO;60011;RIO DE JANEIRO;175;11;Prefeito;53625;135;1;53625;135;41416;12209;N;32571;3046;5799;0;0;0;13:55:48;01/12/2016
18/10/2020;00:06:22;2016;2;Eleição Ordinária;2;221;ELEIÇÕES MUNICIPAIS 2016;30/10/2016;M;RJ;60011;RIO DE JANEIRO;60011;RIO DE JANEIRO;168;11;Prefeito;40274;104;0;40274;104;29590;10684;N;23330;1200;5060;0;0;0;20:40:16;30/10/2016
18/10/2020;00:06:22;2016;1;Eleição Suplementar;1;387;RJ - SUPLEMENTAR DE IGUABA GRANDE;02/06/2019;M;RJ;58262;IGUABA GRANDE;58262;IGUABA GRANDE;181;11;Prefeito;22711;73;5;22711;73;15321;7390;N;14325;290;706;0;0;0;18:00:38;02/06/2019
18/10/2020;00:06:22;2016;2;Eleição Ordinária;1;220;ELEIÇÕES MUNICIPAIS 2016;02/10/2016;M;RJ;60011;RIO DE JANEIRO;60011;RIO DE JANEIRO;177;13;Vereador;47670;119;3;47670;119;36392;11278;N;27150;2246;4899;2097;0;0;13:55:48;01/12/2016
18/10/2020;00:06:22;2016;2;Eleição Ordinária;1;220;ELEIÇÕES MUNICIPAIS 2016;02/10/2016;M;RJ;60011;RIO DE JANEIRO;60011;RIO DE JANEIRO;192;13;Vereador;65060;145;1;65060;145;48822;16238;N;34349;3686;7055;3732;0;0;13:55:48;01/12/2016
18/10/2020;00:06:22;2016;2;Eleição Ordinária;2;221;ELEIÇÕES MUNICIPAIS 2016;30/10/2016;M;RJ;60011;RIO DE JANEIRO;60011;RIO DE JANEIRO;229;11;Prefeito;60547;139;0;60547;139;42334;18213;N;34541;1704;6089;0;0;0;20:40:16;30/10/2016
18/10/2020;00:06:22;2016;2;Eleição Ordinária;1;220;ELEIÇÕES MUNICIPAIS 2016;02/10/2016;M;RJ;58998;SÃO JOÃO DA BARRA;58998;SÃO JOÃO DA BARRA;37;11;Prefeito;37631;105;7;37631;105;32206;5425;N;30174;613;1419;0;0;0;19:58:17;02/10/2016
18/10/2020;00:06:22;2016;2;Eleição Ordinária;1;220;ELEIÇÕES MUNICIPAIS 2016;02/10/2016;M;RJ;58653;NITERÓI;58653;NITERÓI;140;13;Vereador;23601;92;2;23601;92;18455;5146;N;14264;838;2460;893;0;0;19:51:16;02/10/2016
18/10/2020;00:06:22;2016;2;Eleição Ordinária;1;220;ELEIÇÕES MUNICIPAIS 2016;02/10/2016;M;RJ;58149;JAPERI;58149;JAPERI;139;13;Vereador;73471;214;9;73471;214;59796;13675;N;52885;1703;2012;3196;0;0;19:45:36;02/10/2016
18/10/2020;00:06:22;2016;2;Eleição Ordinária;1;220;ELEIÇÕES MUNICIPAIS 2016;02/10/2016;M;RJ;58335;DUQUE DE CAXIAS;58335;DUQUE DE CAXIAS;194;11;Prefeito;39487;115;4;39487;115;32277;7210;N;25712;1871;4694;0;0;0;19:33:46;02/10/2016
18/10/2020;00:06:22;2016;2;Eleição Ordinária;2;221;ELEIÇÕES MUNICIPAIS 2016;30/10/2016;M;RJ;58041;BELFORD ROXO;58041;BELFORD ROXO;155;11;Prefeito;82581;224;0;82581;224;62746;19835;N;54526;2126;6094;0;0;0;18:35:14;30/10/2016
18/10/2020;00:06:22;2016;2;Eleição Ordinária;1;220;ELEIÇÕES MUNICIPAIS 2016;02/10/2016;M;RJ;58238;CARMO;58238;CARMO;102;13;Vereador;14272;52;5;14272;52;12301;1971;N;11378;122;263;538;0;0;18:33:39;02/10/2016
18/10/2020;00:06:22;2016;2;Eleição Ordinária;1;220;ELEIÇÕES MUNICIPAIS 2016;02/10/2016;M;RJ;60011;RIO DE JANEIRO;60011;RIO DE JANEIRO;16;13;Vereador;50194;119;0;50194;119;35359;14835;N;27254;1777;3337;2991;0;0;13:55:48;01/12/2016
18/10/2020;00:06:22;2016;2;Eleição Ordinária;1;220;ELEIÇÕES MUNICIPAIS 2016;02/10/2016;M;RJ;58203;RIO DAS OSTRAS;58203;RIO DAS OSTRAS;184;11;Prefeito;84956;227;5;84956;227;64284;20672;N;46492;3087;14705;0;0;0;16:03:29;21/10/2016
18/10/2020;00:06:22;2016;2;Eleição Ordinária;1;220;ELEIÇÕES MUNICIPAIS 2016;02/10/2016;M;RJ;58637;NILÓPOLIS;58637;NILÓPOLIS;221;13;Vereador;31185;92;3;31185;92;26052;5133;N;22599;797;1555;1101;0;0;16:18:20;10/07/2018
18/10/2020;00:06:22;2016;2;Eleição Ordinária;1;220;ELEIÇÕES MUNICIPAIS 2016;02/10/2016;M;RJ;58637;NILÓPOLIS;58637;NILÓPOLIS;201;11;Prefeito;38033;122;2;38033;122;31783;6250;N;28482;894;2407;0;0;0;18:39:39;02/10/2016
18/10/2020;00:06:22;2016;2;Eleição Ordinária;2;221;ELEIÇÕES MUNICIPAIS 2016;30/10/2016;M;RJ;60011;RIO DE JANEIRO;60011;RIO DE JANEIRO;218;11;Prefeito;55043;132;0;55043;132;40299;14744;N;31624;1827;6848;0;0;0;20:40:16;30/10/2016
18/10/2020;00:06:22;2016;2;Eleição Ordinária;2;221;ELEIÇÕES MUNICIPAIS 2016;30/10/2016;M;RJ;60011;RIO DE JANEIRO;60011;RIO DE JANEIRO;17;11;Prefeito;49447;128;0;49447;128;32286;17161;N;24476;1506;6304;0;0;0;20:40:16;30/10/2016
18/10/2020;00:06:22;2016;2;Eleição Ordinária;1;220;ELEIÇÕES MUNICIPAIS 2016;02/10/2016;M;RJ;58777;PETRÓPOLIS;58777;PETRÓPOLIS;29;11;Prefeito;59430;171;35;59430;171;44104;15326;N;35338;2289;6477;0;0;0;11:10:43;03/11/2016
18/10/2020;00:06:22;2016;2;Eleição Ordinária;1;220;ELEIÇÕES MUNICIPAIS 2016;02/10/2016;M;RJ;58041;BELFORD ROXO;58041;BELFORD ROXO;152;13;Vereador;97828;272;8;97828;272;77947;19881;N;61629;3972;8933;3413;0;0;14:29:06;24/11/2016
18/10/2020;00:06:22;2016;2;Eleição Ordinária;1;220;ELEIÇÕES MUNICIPAIS 2016;02/10/2016;M;RJ;58653;NITERÓI;58653;NITERÓI;113;13;Vereador;27903;116;9;27903;116;22265;5638;N;17152;1198;2834;1081;0;0;19:51:16;02/10/2016
18/10/2020;00:06:22;2016;2;Eleição Ordinária;1;220;ELEIÇÕES MUNICIPAIS 2016;02/10/2016;M;RJ;59110;SILVA JARDIM;59110;SILVA JARDIM;63;11;Prefeito;18773;46;21;18773;46;15440;3333;N;14560;230;650;0;0;0;12:45:30;29/11/2016
18/10/2020;00:06:22;2016;2;Eleição Ordinária;1;220;ELEIÇÕES MUNICIPAIS 2016;02/10/2016;M;RJ;59013;SÃO JOÃO DE MERITI;59013;SÃO JOÃO DE MERITI;46;13;Vereador;35424;97;35;35424;97;26850;8574;N;21133;1394;3067;1256;0;0;16:32:42;06/10/2016
18/10/2020;00:06:22;2016;2;Eleição Ordinária;1;220;ELEIÇÕES MUNICIPAIS 2016;02/10/2016;M;RJ;58653;NITERÓI;58653;NITERÓI;199;11;Prefeito;65659;200;5;65659;200;53916;11743;N;40826;3291;9799;0;0;0;19:51:16;02/10/2016
18/10/2020;00:06:22;2016;2;Eleição Ordinária;1;220;ELEIÇÕES MUNICIPAIS 2016;02/10/2016;M;RJ;59099;SAQUAREMA;59099;SAQUAREMA;62;13;Vereador;63502;175;27;63502;175;49525;13977;N;42644;1040;3570;2271;0;0;19:45:36;02/10/2016
18/10/2020;00:06:22;2016;2;Eleição Ordinária;1;220;ELEIÇÕES MUNICIPAIS 2016;02/10/2016;M;RJ;58637;NILÓPOLIS;58637;NILÓPOLIS;201;13;Vereador;38033;122;2;38033;122;31783;6250;N;26848;1140;2493;1302;0;0;16:18:20;10/07/2018
18/10/2020;00:06:22;2016;2;Eleição Ordinária;2;221;ELEIÇÕES MUNICIPAIS 2016;30/10/2016;M;RJ;60011;RIO DE JANEIRO;60011;RIO DE JANEIRO;170;11;Prefeito;53887;121;0;53887;121;38692;15195;N;30603;1282;6807;0;0;0;20:40:16;30/10/2016
18/10/2020;00:06:22;2016;2;Eleição Ordinária;2;221;ELEIÇÕES MUNICIPAIS 2016;30/10/2016;M;RJ;60011;RIO DE JANEIRO;60011;RIO DE JANEIRO;3;11;Prefeito;42330;104;0;42330;104;27917;14413;N;22200;962;4755;0;0;0;20:40:16;30/10/2016
18/10/2020;00:06:22;2016;2;Eleição Ordinária;2;221;ELEIÇÕES MUNICIPAIS 2016;30/10/2016;M;RJ;60011;RIO DE JANEIRO;60011;RIO DE JANEIRO;190;11;Prefeito;44150;99;1;44150;99;32986;11164;N;25304;1191;6491;0;0;0;20:40:16;30/10/2016
18/10/2020;00:06:22;2016;2;Eleição Ordinária;1;220;ELEIÇÕES MUNICIPAIS 2016;02/10/2016;M;RJ;58033;ARARUAMA;58033;ARARUAMA;92;11;Prefeito;92990;238;25;92990;238;72761;20229;N;65110;2182;5469;0;0;0;11:59:42;21/11/2016
18/10/2020;00:06:22;2016;2;Eleição Ordinária;1;220;ELEIÇÕES MUNICIPAIS 2016;02/10/2016;M;RJ;60011;RIO DE JANEIRO;60011;RIO DE JANEIRO;168;11;Prefeito;40274;104;0;40274;104;30474;9800;N;24182;1839;4453;0;0;0;13:55:48;01/12/2016
18/10/2020;00:06:22;2016;2;Eleição Ordinária;1;220;ELEIÇÕES MUNICIPAIS 2016;02/10/2016;M;RJ;60011;RIO DE JANEIRO;60011;RIO DE JANEIRO;6;13;Vereador;31762;84;0;31762;84;22969;8793;N;16506;1374;3105;1984;0;0;13:55:48;01/12/2016
18/10/2020;00:06:22;2016;2;Eleição Ordinária;1;220;ELEIÇÕES MUNICIPAIS 2016;02/10/2016;M;RJ;58190;CAMPOS DOS GOYTACAZES;58190;CAMPOS DOS GOYTACAZES;129;13;Vereador;63083;181;24;63083;181;51480;11603;N;44429;1604;2367;3080;0;0;13:52:20;08/04/2019
18/10/2020;00:06:22;2016;2;Eleição Ordinária;1;220;ELEIÇÕES MUNICIPAIS 2016;02/10/2016;M;RJ;58335;DUQUE DE CAXIAS;58335;DUQUE DE CAXIAS;200;11;Prefeito;43842;135;3;43842;135;34866;8976;N;29025;1552;4289;0;0;0;19:33:46;02/10/2016
18/10/2020;00:06:22;2016;2;Eleição Ordinária;1;220;ELEIÇÕES MUNICIPAIS 2016;02/10/2016;M;RJ;58858;RIO BONITO;58858;RIO BONITO;32;11;Prefeito;45204;126;7;45204;126;37847;7357;N;35176;756;1915;0;0;0;14:15:27;08/11/2016
18/10/2020;00:06:22;2016;2;Eleição Ordinária;1;220;ELEIÇÕES MUNICIPAIS 2016;02/10/2016;M;RJ;60011;RIO DE JANEIRO;60011;RIO DE JANEIRO;180;13;Vereador;87037;209;5;87037;209;66490;20547;N;46342;5343;10060;4745;0;0;13:55:48;01/12/2016
18/10/2020;00:06:22;2016;2;Eleição Ordinária;2;221;ELEIÇÕES MUNICIPAIS 2016;30/10/2016;M;RJ;58696;NOVA IGUAÇU;58696;NOVA IGUAÇU;156;11;Prefeito;71753;198;10;71753;198;54401;17352;N;47891;1888;4622;0;0;0;19:45:35;30/10/2016
18/10/2020;00:06:22;2016;2;Eleição Ordinária;1;220;ELEIÇÕES MUNICIPAIS 2016;02/10/2016;M;RJ;58130;CABO FRIO;58130;CABO FRIO;96;13;Vereador;74689;203;8;74689;203;57697;16992;N;50396;1691;3496;2114;0;0;11:50:28;03/11/2016
18/10/2020;00:06:22;2016;2;Eleição Ordinária;1;220;ELEIÇÕES MUNICIPAIS 2016;02/10/2016;M;RJ;58637;NILÓPOLIS;58637;NILÓPOLIS;44;13;Vereador;29530;97;9;29530;97;24828;4702;N;21668;754;1442;964;0;0;16:18:20;10/07/2018
18/10/2020;00:06:22;2016;2;Eleição Ordinária;1;220;ELEIÇÕES MUNICIPAIS 2016;02/10/2016;M;RJ;60011;RIO DE JANEIRO;60011;RIO DE JANEIRO;180;11;Prefeito;87037;209;5;87037;209;66490;20547;N;53426;3791;9273;0;0;0;13:55:48;01/12/2016
18/10/2020;00:06:22;2016;2;Eleição Ordinária;1;220;ELEIÇÕES MUNICIPAIS 2016;02/10/2016;M;RJ;58432;ITAPERUNA;58432;ITAPERUNA;107;11;Prefeito;75770;223;41;75770;223;59620;16150;N;55732;1159;2729;0;0;0;18:39:40;02/10/2016
18/10/2020;00:06:22;2016;2;Eleição Ordinária;2;221;ELEIÇÕES MUNICIPAIS 2016;30/10/2016;M;RJ;58971;SÃO GONÇALO;58971;SÃO GONÇALO;87;11;Prefeito;64532;179;5;64532;179;47892;16640;N;40354;1678;5860;0;0;0;19:10:20;30/10/2016
18/10/2020;00:06:22;2016;2;Eleição Ordinária;1;220;ELEIÇÕES MUNICIPAIS 2016;02/10/2016;M;RJ;60011;RIO DE JANEIRO;60011;RIO DE JANEIRO;231;13;Vereador;40637;97;0;40637;97;31412;9225;N;22787;2145;4405;2075;0;0;13:55:48;01/12/2016
18/10/2020;00:06:22;2016;2;Eleição Ordinária;1;220;ELEIÇÕES MUNICIPAIS 2016;02/10/2016;M;RJ;58815;PORCIÚNCULA;58815;PORCIÚNCULA;45;13;Vereador;14097;48;0;14097;48;11004;3093;N;9998;156;270;580;0;0;18:27:47;02/10/2016
18/10/2020;00:06:22;2016;2;Eleição Ordinária;2;221;ELEIÇÕES MUNICIPAIS 2016;30/10/2016;M;RJ;58653;NITERÓI;58653;NITERÓI;144;11;Prefeito;35199;127;8;35199;127;28017;7182;N;21407;1406;5204;0;0;0;19:20:40;30/10/2016
18/10/2020;00:06:22;2016;2;Eleição Ordinária;1;220;ELEIÇÕES MUNICIPAIS 2016;02/10/2016;M;RJ;59250;VOLTA REDONDA;59250;VOLTA REDONDA;131;11;Prefeito;64912;185;1;64912;185;51226;13686;N;44961;1740;4525;0;0;0;15:05:33;06/10/2017
18/10/2020;00:06:22;2016;2;Eleição Ordinária;1;220;ELEIÇÕES MUNICIPAIS 2016;02/10/2016;M;RJ;58440;ITATIAIA;58440;ITATIAIA;198;13;Vereador;25182;66;12;25182;66;21004;4178;N;18730;483;764;1027;0;0;13:16:19;14/10/2016
18/10/2020;00:06:22;2016;2;Eleição Ordinária;1;220;ELEIÇÕES MUNICIPAIS 2016;02/10/2016;M;RJ;58343;SÃO JOSÉ DE UBÁ;58343;SÃO JOSÉ DE UBÁ;107;13;Vereador;7195;22;4;7195;22;6449;746;N;5922;57;99;371;0;0;18:27:46;02/10/2016
18/10/2020;00:06:22;2016;2;Eleição Ordinária;1;220;ELEIÇÕES MUNICIPAIS 2016;02/10/2016;M;RJ;58459;LAJE DO MURIAÉ;58459;LAJE DO MURIAÉ;73;11;Prefeito;7477;21;0;7477;21;6441;1036;N;6192;69;180;0;0;0;17:25:14;02/10/2016
18/10/2020;00:06:22;2016;2;Eleição Ordinária;1;220;ELEIÇÕES MUNICIPAIS 2016;02/10/2016;M;RJ;58424;SEROPÉDICA;58424;SEROPÉDICA;225;13;Vereador;55002;152;1;55002;152;45072;9930;N;37980;1480;3184;2428;0;0;17:45:36;22/11/2016
18/10/2020;00:06:22;2016;2;Eleição Ordinária;2;221;ELEIÇÕES MUNICIPAIS 2016;30/10/2016;M;RJ;60011;RIO DE JANEIRO;60011;RIO DE JANEIRO;9;11;Prefeito;111397;247;1;111397;247;82984;28413;N;64583;4094;14307;0;0;0;20:40:16;30/10/2016
18/10/2020;00:06:22;2016;2;Eleição Ordinária;1;220;ELEIÇÕES MUNICIPAIS 2016;02/10/2016;M;RJ;59250;VOLTA REDONDA;59250;VOLTA REDONDA;90;13;Vereador;49794;154;3;49794;154;40725;9069;N;35118;1441;2270;1896;0;0;15:05:33;06/10/2017
18/10/2020;00:06:22;2016;2;Eleição Ordinária;1;220;ELEIÇÕES MUNICIPAIS 2016;02/10/2016;M;RJ;60011;RIO DE JANEIRO;60011;RIO DE JANEIRO;12;13;Vereador;22129;68;3;22129;68;16642;5487;N;11414;1305;2765;1158;0;0;13:55:48;01/12/2016
18/10/2020;00:06:22;2016;2;Eleição Ordinária;1;220;ELEIÇÕES MUNICIPAIS 2016;02/10/2016;M;RJ;58475;MACAÉ;58475;MACAÉ;109;11;Prefeito;84716;242;10;84716;242;65082;19634;N;57767;2537;4778;0;0;0;18:00:25;31/10/2016
18/10/2020;00:06:22;2016;2;Eleição Ordinária;1;220;ELEIÇÕES MUNICIPAIS 2016;02/10/2016;M;RJ;58041;BELFORD ROXO;58041;BELFORD ROXO;152;11;Prefeito;97828;272;8;97828;272;77947;19881;N;60239;5856;11852;0;0;0;18:58:08;27/10/2016
18/10/2020;00:06:22;2016;2;Eleição Ordinária;1;220;ELEIÇÕES MUNICIPAIS 2016;02/10/2016;M;RJ;58084;VARRE-SAI;58084;VARRE-SAI;43;13;Vereador;8154;22;1;8154;22;7013;1141;N;6231;99;343;340;0;0;18:33:40;02/10/2016
18/10/2020;00:06:22;2016;2;Eleição Ordinária;1;220;ELEIÇÕES MUNICIPAIS 2016;02/10/2016;M;RJ;60011;RIO DE JANEIRO;60011;RIO DE JANEIRO;8;13;Vereador;51460;116;0;51460;116;38576;12884;N;26990;3507;5020;3059;0;0;13:55:48;01/12/2016
18/10/2020;00:06:22;2016;2;Eleição Ordinária;1;220;ELEIÇÕES MUNICIPAIS 2016;02/10/2016;M;RJ;58157;CACHOEIRAS DE MACACU;58157;CACHOEIRAS DE MACACU;49;11;Prefeito;45092;128;19;45092;128;36462;8630;N;22812;976;12674;0;0;0;18:57:31;02/10/2016
18/10/2020;00:06:22;2016;2;Eleição Ordinária;1;220;ELEIÇÕES MUNICIPAIS 2016;02/10/2016;M;RJ;58335;DUQUE DE CAXIAS;58335;DUQUE DE CAXIAS;128;11;Prefeito;57710;162;3;57710;162;47848;9862;N;40276;1905;5667;0;0;0;19:33:46;02/10/2016
18/10/2020;00:06:22;2016;2;Eleição Ordinária;1;220;ELEIÇÕES MUNICIPAIS 2016;02/10/2016;M;RJ;58319;DUAS BARRAS;58319;DUAS BARRAS;53;11;Prefeito;9710;30;4;9710;30;8554;1156;N;7992;127;435;0;0;0;18:33:52;02/10/2016
18/10/2020;00:06:22;2016;2;Eleição Ordinária;1;220;ELEIÇÕES MUNICIPAIS 2016;02/10/2016;M;RJ;60011;RIO DE JANEIRO;60011;RIO DE JANEIRO;10;11;Prefeito;53442;126;0;53442;126;39535;13907;N;31308;2301;5926;0;0;0;13:55:48;01/12/2016
18/10/2020;00:06:22;2016;2;Eleição Ordinária;1;220;ELEIÇÕES MUNICIPAIS 2016;02/10/2016;M;RJ;60011;RIO DE JANEIRO;60011;RIO DE JANEIRO;243;11;Prefeito;63519;140;5;63519;140;51905;11614;N;40703;4143;7059;0;0;0;13:55:48;01/12/2016
18/10/2020;00:06:22;2016;2;Eleição Ordinária;2;221;ELEIÇÕES MUNICIPAIS 2016;30/10/2016;M;RJ;58777;PETRÓPOLIS;58777;PETRÓPOLIS;227;11;Prefeito;43769;129;6;43769;129;30904;12865;N;25556;1253;4095;0;0;0;19:20:40;30/10/2016
18/10/2020;00:06:22;2016;2;Eleição Ordinária;1;220;ELEIÇÕES MUNICIPAIS 2016;02/10/2016;M;RJ;60011;RIO DE JANEIRO;60011;RIO DE JANEIRO;219;13;Vereador;62846;153;4;62846;153;48126;14720;N;35369;3392;6351;3014;0;0;13:55:48;01/12/2016
18/10/2020;00:06:22;2016;2;Eleição Ordinária;1;220;ELEIÇÕES MUNICIPAIS 2016;02/10/2016;M;RJ;60011;RIO DE JANEIRO;60011;RIO DE JANEIRO;125;11;Prefeito;55617;143;3;55617;143;44035;11582;N;35367;3156;5512;0;0;0;13:55:48;01/12/2016
18/10/2020;00:06:22;2016;2;Eleição Ordinária;2;221;ELEIÇÕES MUNICIPAIS 2016;30/10/2016;M;RJ;60011;RIO DE JANEIRO;60011;RIO DE JANEIRO;7;11;Prefeito;72571;174;0;72571;174;50726;21845;N;39589;1682;9455;0;0;0;20:40:16;30/10/2016
18/10/2020;00:06:22;2016;2;Eleição Ordinária;1;220;ELEIÇÕES MUNICIPAIS 2016;02/10/2016;M;RJ;58335;DUQUE DE CAXIAS;58335;DUQUE DE CAXIAS;127;11;Prefeito;87617;254;7;87617;254;71588;16029;N;56762;4498;10328;0;0;0;19:33:46;02/10/2016
18/10/2020;00:06:22;2016;2;Eleição Ordinária;1;220;ELEIÇÕES MUNICIPAIS 2016;02/10/2016;M;RJ;58572;MIGUEL PEREIRA;58572;MIGUEL PEREIRA;48;11;Prefeito;22910;70;4;22910;70;18420;4490;N;11858;246;6316;0;0;0;19:13:02;02/10/2016
18/10/2020;00:06:22;2016;2;Eleição Ordinária;1;220;ELEIÇÕES MUNICIPAIS 2016;02/10/2016;M;RJ;58297;CORDEIRO;58297;CORDEIRO;52;11;Prefeito;16698;51;3;16698;51;13630;3068;N;12412;308;910;0;0;0;18:51:19;02/10/2016
18/10/2020;00:06:22;2016;2;Eleição Ordinária;1;220;ELEIÇÕES MUNICIPAIS 2016;02/10/2016;M;RJ;60011;RIO DE JANEIRO;60011;RIO DE JANEIRO;18;13;Vereador;29985;79;0;29985;79;19224;10761;N;14256;1212;2056;1700;0;0;13:55:48;01/12/2016
18/10/2020;00:06:22;2016;2;Eleição Ordinária;1;220;ELEIÇÕES MUNICIPAIS 2016;02/10/2016;M;RJ;59153;TERESÓPOLIS;59153;TERESÓPOLIS;195;13;Vereador;69267;199;27;69267;199;54182;15085;N;44724;2234;4158;3066;0;0;12:16:09;04/11/2016
18/10/2020;00:06:22;2016;2;Eleição Ordinária;1;220;ELEIÇÕES MUNICIPAIS 2016;02/10/2016;M;RJ;59153;TERESÓPOLIS;59153;TERESÓPOLIS;195;11;Prefeito;69267;199;27;69267;199;54182;15085;N;47739;2103;4340;0;0;0;12:05:46;31/10/2016
18/10/2020;00:06:22;2016;2;Eleição Ordinária;1;220;ELEIÇÕES MUNICIPAIS 2016;02/10/2016;M;RJ;58696;NOVA IGUAÇU;58696;NOVA IGUAÇU;27;13;Vereador;43681;152;12;43681;152;32038;11643;N;22518;1861;5894;1765;0;0;14:09:38;04/04/2018
18/10/2020;00:06:22;2016;2;Eleição Ordinária;1;220;ELEIÇÕES MUNICIPAIS 2016;02/10/2016;M;RJ;59293;ITALVA;59293;ITALVA;141;13;Vereador;11205;40;13;11205;40;9351;1854;N;8655;116;190;390;0;0;18:09:27;02/10/2016
18/10/2020;00:06:22;2016;2;Eleição Ordinária;1;220;ELEIÇÕES MUNICIPAIS 2016;02/10/2016;M;RJ;58009;QUISSAMÃ;58009;QUISSAMÃ;255;11;Prefeito;18091;49;6;18091;49;15344;2747;N;14509;221;614;0;0;0;14:05:31;19/10/2016
18/10/2020;00:06:22;2016;2;Eleição Ordinária;1;220;ELEIÇÕES MUNICIPAIS 2016;02/10/2016;M;RJ;58513;MANGARATIBA;58513;MANGARATIBA;54;11;Prefeito;34988;95;7;34988;95;28308;6680;N;26523;495;1290;0;0;0;18:45:34;02/10/2016
18/10/2020;00:06:22;2016;2;Eleição Ordinária;1;220;ELEIÇÕES MUNICIPAIS 2016;02/10/2016;M;RJ;58378;ITABORAÍ;58378;ITABORAÍ;151;11;Prefeito;79358;216;21;79358;216;64130;15228;N;50659;4846;8625;0;0;0;13:43:45;11/11/2016
18/10/2020;00:06:22;2016;2;Eleição Ordinária;1;220;ELEIÇÕES MUNICIPAIS 2016;02/10/2016;M;RJ;59315;PATY DO ALFERES;59315;PATY DO ALFERES;48;11;Prefeito;22881;66;5;22881;66;18679;4202;N;17612;240;827;0;0;0;18:27:34;02/10/2016
18/10/2020;00:06:22;2016;2;Eleição Ordinária;2;221;ELEIÇÕES MUNICIPAIS 2016;30/10/2016;M;RJ;58777;PETRÓPOLIS;58777;PETRÓPOLIS;85;11;Prefeito;40676;131;5;40676;131;29214;11462;N;24060;1014;4140;0;0;0;19:20:40;30/10/2016
18/10/2020;00:06:22;2016;2;Eleição Ordinária;1;220;ELEIÇÕES MUNICIPAIS 2016;02/10/2016;M;RJ;58181;APERIBÉ;58181;APERIBÉ;34;13;Vereador;8999;28;3;8999;28;7815;1184;N;7196;89;142;388;0;0;13:09:14;09/11/2016
18/10/2020;00:06:22;2016;2;Eleição Ordinária;1;220;ELEIÇÕES MUNICIPAIS 2016;02/10/2016;M;RJ;60011;RIO DE JANEIRO;60011;RIO DE JANEIRO;22;11;Prefeito;65783;156;7;65783;156;50262;15521;N;40429;2752;7081;0;0;0;13:55:48;01/12/2016
18/10/2020;00:06:22;2016;2;Eleição Ordinária;2;221;ELEIÇÕES MUNICIPAIS 2016;30/10/2016;M;RJ;60011;RIO DE JANEIRO;60011;RIO DE JANEIRO;209;11;Prefeito;36168;87;3;36168;87;26860;9308;N;20982;1120;4758;0;0;0;20:40:16;30/10/2016
18/10/2020;00:06:22;2016;2;Eleição Ordinária;1;220;ELEIÇÕES MUNICIPAIS 2016;02/10/2016;M;RJ;60011;RIO DE JANEIRO;60011;RIO DE JANEIRO;3;11;Prefeito;42330;104;0;42330;104;29022;13308;N;26124;721;2177;0;0;0;13:55:48;01/12/2016
18/10/2020;00:06:22;2016;2;Eleição Ordinária;1;220;ELEIÇÕES MUNICIPAIS 2016;02/10/2016;M;RJ;60011;RIO DE JANEIRO;60011;RIO DE JANEIRO;208;11;Prefeito;28926;77;0;28926;77;21384;7542;N;17019;1184;3181;0;0;0;13:55:48;01/12/2016
18/10/2020;00:06:22;2016;2;Eleição Ordinária;2;221;ELEIÇÕES MUNICIPAIS 2016;30/10/2016;M;RJ;60011;RIO DE JANEIRO;60011;RIO DE JANEIRO;210;11;Prefeito;44599;98;2;44599;98;34173;10426;N;26446;1224;6503;0;0;0;20:40:16;30/10/2016
18/10/2020;00:06:22;2016;2;Eleição Ordinária;2;221;ELEIÇÕES MUNICIPAIS 2016;30/10/2016;M;RJ;60011;RIO DE JANEIRO;60011;RIO DE JANEIRO;204;11;Prefeito;36320;89;20;36320;89;23694;12626;N;19385;910;3399;0;0;0;20:40:16;30/10/2016
18/10/2020;00:06:22;2016;2;Eleição Ordinária;1;220;ELEIÇÕES MUNICIPAIS 2016;02/10/2016;M;RJ;58653;NITERÓI;58653;NITERÓI;143;11;Prefeito;31072;104;4;31072;104;25343;5729;N;18952;1599;4792;0;0;0;19:51:16;02/10/2016
18/10/2020;00:06:22;2016;2;Eleição Ordinária;1;220;ELEIÇÕES MUNICIPAIS 2016;02/10/2016;M;RJ;60011;RIO DE JANEIRO;60011;RIO DE JANEIRO;235;11;Prefeito;37940;91;0;37940;91;29388;8552;N;23407;1671;4310;0;0;0;13:55:48;01/12/2016
18/10/2020;00:06:22;2016;2;Eleição Ordinária;1;220;ELEIÇÕES MUNICIPAIS 2016;02/10/2016;M;RJ;58335;DUQUE DE CAXIAS;58335;DUQUE DE CAXIAS;79;11;Prefeito;89395;242;14;89395;242;73778;15617;N;61411;3808;8559;0;0;0;19:33:46;02/10/2016
18/10/2020;00:06:22;2016;2;Eleição Ordinária;1;220;ELEIÇÕES MUNICIPAIS 2016;02/10/2016;M;RJ;60011;RIO DE JANEIRO;60011;RIO DE JANEIRO;236;13;Vereador;22632;59;0;22632;59;17632;5000;N;12842;1124;2547;1119;0;0;13:55:48;01/12/2016
18/10/2020;00:06:22;2016;2;Eleição Ordinária;1;220;ELEIÇÕES MUNICIPAIS 2016;02/10/2016;M;RJ;60011;RIO DE JANEIRO;60011;RIO DE JANEIRO;122;13;Vereador;76102;183;0;76102;183;62133;13969;N;43972;4912;9257;3992;0;0;13:55:48;01/12/2016
18/10/2020;00:06:22;2016;2;Eleição Ordinária;2;221;ELEIÇÕES MUNICIPAIS 2016;30/10/2016;M;RJ;58335;DUQUE DE CAXIAS;58335;DUQUE DE CAXIAS;194;11;Prefeito;39487;115;4;39487;115;30249;9238;N;24938;1219;4092;0;0;0;18:40:20;30/10/2016
18/10/2020;00:06:22;2016;2;Eleição Ordinária;1;220;ELEIÇÕES MUNICIPAIS 2016;02/10/2016;M;RJ;58777;PETRÓPOLIS;58777;PETRÓPOLIS;65;13;Vereador;60633;179;27;60633;179;47794;12839;N;38559;2286;3792;3157;0;0;11:10:43;03/11/2016
18/10/2020;00:06:22;2016;2;Eleição Ordinária;1;220;ELEIÇÕES MUNICIPAIS 2016;02/10/2016;M;RJ;60011;RIO DE JANEIRO;60011;RIO DE JANEIRO;5;11;Prefeito;35859;95;0;35859;95;23649;12210;N;20908;788;1953;0;0;0;13:55:48;01/12/2016
18/10/2020;00:06:22;2016;2;Eleição Ordinária;1;220;ELEIÇÕES MUNICIPAIS 2016;02/10/2016;M;RJ;58076;BARRA MANSA;58076;BARRA MANSA;91;11;Prefeito;46048;138;8;46048;138;37339;8709;N;31233;1763;4343;0;0;0;18:45:36;02/10/2016
18/10/2020;00:06:22;2016;2;Eleição Ordinária;2;221;ELEIÇÕES MUNICIPAIS 2016;30/10/2016;M;RJ;60011;RIO DE JANEIRO;60011;RIO DE JANEIRO;237;11;Prefeito;42187;95;0;42187;95;32162;10025;N;26149;1359;4654;0;0;0;20:40:16;30/10/2016
18/10/2020;00:06:22;2016;2;Eleição Ordinária;1;220;ELEIÇÕES MUNICIPAIS 2016;02/10/2016;M;RJ;58360;TANGUÁ;58360;TANGUÁ;151;11;Prefeito;24512;65;7;24512;65;20952;3560;N;19715;334;903;0;0;0;19:51:16;02/10/2016
18/10/2020;00:06:22;2016;2;Eleição Ordinária;1;220;ELEIÇÕES MUNICIPAIS 2016;02/10/2016;M;RJ;58793;PIRAÍ;58793;PIRAÍ;30;13;Vereador;21902;67;15;21902;67;18658;3244;N;17075;299;420;864;0;0;18:57:30;02/10/2016
18/10/2020;00:06:22;2016;2;Eleição Ordinária;1;220;ELEIÇÕES MUNICIPAIS 2016;02/10/2016;M;RJ;58335;DUQUE DE CAXIAS;58335;DUQUE DE CAXIAS;103;13;Vereador;63582;201;2;63582;201;49548;14034;N;39977;2310;4951;2310;0;0;19:33:46;02/10/2016
18/10/2020;00:06:22;2016;2;Eleição Ordinária;1;220;ELEIÇÕES MUNICIPAIS 2016;02/10/2016;M;RJ;58696;NOVA IGUAÇU;58696;NOVA IGUAÇU;250;13;Vereador;44643;120;0;44643;120;35922;8721;N;28851;1856;3524;1691;0;0;14:09:38;04/04/2018
18/10/2020;00:06:22;2016;2;Eleição Ordinária;1;220;ELEIÇÕES MUNICIPAIS 2016;02/10/2016;M;RJ;59250;VOLTA REDONDA;59250;VOLTA REDONDA;90;11;Prefeito;49794;154;3;49794;154;40725;9069;N;36286;1434;3005;0;0;0;15:05:33;06/10/2017
18/10/2020;00:06:22;2016;2;Eleição Ordinária;1;220;ELEIÇÕES MUNICIPAIS 2016;02/10/2016;M;RJ;60011;RIO DE JANEIRO;60011;RIO DE JANEIRO;220;13;Vereador;42872;93;1;42872;93;32897;9975;N;24607;2579;3627;2084;0;0;13:55:48;01/12/2016
18/10/2020;00:06:22;2016;2;Eleição Ordinária;2;221;ELEIÇÕES MUNICIPAIS 2016;30/10/2016;M;RJ;60011;RIO DE JANEIRO;60011;RIO DE JANEIRO;162;11;Prefeito;43840;105;2;43840;105;31731;12109;N;25436;1526;4769;0;0;0;20:40:16;30/10/2016
18/10/2020;00:06:22;2016;2;Eleição Ordinária;1;220;ELEIÇÕES MUNICIPAIS 2016;02/10/2016;M;RJ;58696;NOVA IGUAÇU;58696;NOVA IGUAÇU;157;11;Prefeito;90711;251;2;90711;251;73442;17269;N;59229;4167;10046;0;0;0;15:18:21;10/10/2016
18/10/2020;00:06:22;2016;2;Eleição Ordinária;1;220;ELEIÇÕES MUNICIPAIS 2016;02/10/2016;M;RJ;60011;RIO DE JANEIRO;60011;RIO DE JANEIRO;21;13;Vereador;58322;135;0;58322;135;45369;12953;N;31724;4492;5888;3265;0;0;13:55:48;01/12/2016
18/10/2020;00:06:22;2016;2;Eleição Ordinária;1;220;ELEIÇÕES MUNICIPAIS 2016;02/10/2016;M;RJ;60011;RIO DE JANEIRO;60011;RIO DE JANEIRO;178;13;Vereador;38452;89;1;38452;89;30079;8373;N;21743;2401;3971;1964;0;0;13:55:48;01/12/2016
18/10/2020;00:06:22;2016;2;Eleição Ordinária;1;220;ELEIÇÕES MUNICIPAIS 2016;02/10/2016;M;RJ;58971;SÃO GONÇALO;58971;SÃO GONÇALO;86;13;Vereador;31028;89;1;31028;89;23717;7311;N;18246;1388;2942;1141;0;0;19:27:23;02/10/2016
18/10/2020;00:06:22;2016;2;Eleição Ordinária;1;220;ELEIÇÕES MUNICIPAIS 2016;02/10/2016;M;RJ;58955;SÃO FIDÉLIS;58955;SÃO FIDÉLIS;35;11;Prefeito;30753;94;41;30753;94;23676;7077;N;22090;398;1188;0;0;0;19:09:36;02/10/2016
18/10/2020;00:06:22;2016;2;Eleição Ordinária;1;220;ELEIÇÕES MUNICIPAIS 2016;02/10/2016;M;RJ;58238;CARMO;58238;CARMO;102;11;Prefeito;14272;52;5;14272;52;12301;1971;N;11641;115;545;0;0;0;18:33:39;02/10/2016
18/10/2020;00:06:22;2016;2;Eleição Ordinária;1;220;ELEIÇÕES MUNICIPAIS 2016;02/10/2016;M;RJ;58696;NOVA IGUAÇU;58696;NOVA IGUAÇU;158;13;Vereador;50325;149;4;50325;149;41256;9069;N;33705;1773;3932;1846;0;0;14:09:38;04/04/2018
18/10/2020;00:06:22;2016;2;Eleição Ordinária;1;220;ELEIÇÕES MUNICIPAIS 2016;02/10/2016;M;RJ;58653;NITERÓI;58653;NITERÓI;113;11;Prefeito;27903;116;9;27903;116;22265;5638;N;16119;1532;4614;0;0;0;19:51:16;02/10/2016
18/10/2020;00:06:22;2016;2;Eleição Ordinária;1;220;ELEIÇÕES MUNICIPAIS 2016;02/10/2016;M;RJ;60011;RIO DE JANEIRO;60011;RIO DE JANEIRO;240;11;Prefeito;44443;113;1;44443;113;33219;11224;N;26954;2291;3974;0;0;0;13:55:48;01/12/2016
18/10/2020;00:06:22;2016;2;Eleição Ordinária;2;221;ELEIÇÕES MUNICIPAIS 2016;30/10/2016;M;RJ;60011;RIO DE JANEIRO;60011;RIO DE JANEIRO;125;11;Prefeito;55617;143;3;55617;143;42266;13351;N;34948;2023;5295;0;0;0;20:40:16;30/10/2016
18/10/2020;00:06:22;2016;2;Eleição Ordinária;2;221;ELEIÇÕES MUNICIPAIS 2016;30/10/2016;M;RJ;60011;RIO DE JANEIRO;60011;RIO DE JANEIRO;252;11;Prefeito;45444;99;0;45444;99;29522;15922;N;23287;1254;4981;0;0;0;20:40:16;30/10/2016
18/10/2020;00:06:22;2016;2;Eleição Ordinária;1;220;ELEIÇÕES MUNICIPAIS 2016;02/10/2016;M;RJ;60011;RIO DE JANEIRO;60011;RIO DE JANEIRO;14;11;Prefeito;35865;85;0;35865;85;26930;8935;N;21613;1306;4011;0;0;0;13:55:48;01/12/2016
18/10/2020;00:06:22;2016;2;Eleição Ordinária;1;220;ELEIÇÕES MUNICIPAIS 2016;02/10/2016;M;RJ;58971;SÃO GONÇALO;58971;SÃO GONÇALO;87;11;Prefeito;64532;179;5;64532;179;50174;14358;N;38713;3474;7987;0;0;0;19:27:23;02/10/2016
18/10/2020;00:06:22;2016;2;Eleição Ordinária;2;221;ELEIÇÕES MUNICIPAIS 2016;30/10/2016;M;RJ;58696;NOVA IGUAÇU;58696;NOVA IGUAÇU;158;11;Prefeito;50325;149;4;50325;149;38807;11518;N;33659;1271;3877;0;0;0;19:45:35;30/10/2016
18/10/2020;00:06:22;2016;2;Eleição Ordinária;1;220;ELEIÇÕES MUNICIPAIS 2016;02/10/2016;M;RJ;58300;CARAPEBUS;58300;CARAPEBUS;255;11;Prefeito;12363;33;3;12363;33;10742;1621;N;10146;176;420;0;0;0;18:27:54;02/10/2016
18/10/2020;00:06:22;2016;2;Eleição Ordinária;1;220;ELEIÇÕES MUNICIPAIS 2016;02/10/2016;M;RJ;60011;RIO DE JANEIRO;60011;RIO DE JANEIRO;218;11;Prefeito;55043;132;0;55043;132;41682;13361;N;32887;2624;6171;0;0;0;13:55:48;01/12/2016
18/10/2020;00:06:22;2016;2;Eleição Ordinária;2;221;ELEIÇÕES MUNICIPAIS 2016;30/10/2016;M;RJ;58335;DUQUE DE CAXIAS;58335;DUQUE DE CAXIAS;200;11;Prefeito;43842;135;3;43842;135;32793;11049;N;27712;1129;3952;0;0;0;18:40:20;30/10/2016
18/10/2020;00:06:22;2016;2;Eleição Ordinária;2;221;ELEIÇÕES MUNICIPAIS 2016;30/10/2016;M;RJ;60011;RIO DE JANEIRO;60011;RIO DE JANEIRO;215;11;Prefeito;40518;96;3;40518;96;29433;11085;N;22732;998;5703;0;0;0;20:40:16;30/10/2016
18/10/2020;00:06:22;2016;2;Eleição Ordinária;1;220;ELEIÇÕES MUNICIPAIS 2016;02/10/2016;M;RJ;58858;RIO BONITO;58858;RIO BONITO;32;13;Vereador;45204;126;7;45204;126;37847;7357;N;33995;792;1340;1720;0;0;14:15:27;08/11/2016
18/10/2020;00:06:22;2016;2;Eleição Ordinária;1;220;ELEIÇÕES MUNICIPAIS 2016;02/10/2016;M;RJ;59277;ARRAIAL DO CABO;59277;ARRAIAL DO CABO;146;13;Vereador;28879;83;5;28879;83;23046;5833;N;19829;378;2107;732;0;0;14:15:21;29/11/2016
18/10/2020;00:06:22;2016;2;Eleição Ordinária;1;220;ELEIÇÕES MUNICIPAIS 2016;02/10/2016;M;RJ;60011;RIO DE JANEIRO;60011;RIO DE JANEIRO;21;11;Prefeito;58322;135;0;58322;135;45369;12953;N;36279;3146;5944;0;0;0;13:55:48;01/12/2016
18/10/2020;00:06:22;2016;2;Eleição Ordinária;1;220;ELEIÇÕES MUNICIPAIS 2016;02/10/2016;M;RJ;60011;RIO DE JANEIRO;60011;RIO DE JANEIRO;170;13;Vereador;53887;121;0;53887;121;39857;14030;N;28847;2477;5311;3222;0;0;13:55:48;01/12/2016
18/10/2020;00:06:22;2016;2;Eleição Ordinária;1;220;ELEIÇÕES MUNICIPAIS 2016;02/10/2016;M;RJ;60011;RIO DE JANEIRO;60011;RIO DE JANEIRO;122;11;Prefeito;76102;183;0;76102;183;62133;13969;N;49328;3791;9014;0;0;0;13:55:48;01/12/2016
18/10/2020;00:06:22;2016;2;Eleição Ordinária;1;220;ELEIÇÕES MUNICIPAIS 2016;02/10/2016;M;RJ;60011;RIO DE JANEIRO;60011;RIO DE JANEIRO;19;13;Vereador;49697;128;0;49697;128;36430;13267;N;25748;2526;5104;3052;0;0;13:55:48;01/12/2016
18/10/2020;00:06:22;2016;2;Eleição Ordinária;1;220;ELEIÇÕES MUNICIPAIS 2016;02/10/2016;M;RJ;60011;RIO DE JANEIRO;60011;RIO DE JANEIRO;171;11;Prefeito;42026;100;2;42026;100;30499;11527;N;25732;1380;3387;0;0;0;13:55:48;01/12/2016
18/10/2020;00:06:22;2016;2;Eleição Ordinária;1;220;ELEIÇÕES MUNICIPAIS 2016;02/10/2016;M;RJ;60011;RIO DE JANEIRO;60011;RIO DE JANEIRO;8;11;Prefeito;51460;116;0;51460;116;38576;12884;N;31231;2469;4876;0;0;0;13:55:48;01/12/2016
18/10/2020;00:06:22;2016;2;Eleição Ordinária;2;221;ELEIÇÕES MUNICIPAIS 2016;30/10/2016;M;RJ;60011;RIO DE JANEIRO;60011;RIO DE JANEIRO;206;11;Prefeito;34301;86;0;34301;86;22042;12259;N;17347;849;3846;0;0;0;20:40:16;30/10/2016
18/10/2020;00:06:22;2016;2;Eleição Ordinária;1;220;ELEIÇÕES MUNICIPAIS 2016;02/10/2016;M;RJ;60011;RIO DE JANEIRO;60011;RIO DE JANEIRO;219;11;Prefeito;62846;153;4;62846;153;48126;14720;N;38579;2855;6692;0;0;0;13:55:48;01/12/2016
18/10/2020;00:06:22;2016;2;Eleição Ordinária;1;220;ELEIÇÕES MUNICIPAIS 2016;02/10/2016;M;RJ;60011;RIO DE JANEIRO;60011;RIO DE JANEIRO;11;13;Vereador;43730;112;0;43730;112;32976;10754;N;23401;2262;5174;2139;0;0;13:55:48;01/12/2016
18/10/2020;00:06:22;2016;2;Eleição Ordinária;2;221;ELEIÇÕES MUNICIPAIS 2016;30/10/2016;M;RJ;58696;NOVA IGUAÇU;58696;NOVA IGUAÇU;159;11;Prefeito;77365;214;0;77365;214;57754;19611;N;48172;2479;7103;0;0;0;19:45:35;30/10/2016
18/10/2020;00:06:22;2016;2;Eleição Ordinária;1;220;ELEIÇÕES MUNICIPAIS 2016;02/10/2016;M;RJ;60011;RIO DE JANEIRO;60011;RIO DE JANEIRO;188;11;Prefeito;47085;113;7;47085;113;36225;10860;N;28780;2595;4850;0;0;0;13:55:48;01/12/2016
18/10/2020;00:06:22;2016;2;Eleição Ordinária;1;220;ELEIÇÕES MUNICIPAIS 2016;02/10/2016;M;RJ;60011;RIO DE JANEIRO;60011;RIO DE JANEIRO;242;11;Prefeito;68893;170;0;68893;170;53487;15406;N;42946;3169;7372;0;0;0;13:55:48;01/12/2016
18/10/2020;00:06:22;2016;2;Eleição Ordinária;2;221;ELEIÇÕES MUNICIPAIS 2016;30/10/2016;M;RJ;60011;RIO DE JANEIRO;60011;RIO DE JANEIRO;214;11;Prefeito;49850;113;0;49850;113;35726;14124;N;27914;1372;6440;0;0;0;20:40:16;30/10/2016
18/10/2020;00:06:22;2016;2;Eleição Ordinária;1;220;ELEIÇÕES MUNICIPAIS 2016;02/10/2016;M;RJ;58378;ITABORAÍ;58378;ITABORAÍ;151;13;Vereador;79358;216;21;79358;216;64130;15228;N;53521;2902;4438;3269;0;0;13:43:45;11/11/2016
18/10/2020;00:06:22;2016;2;Eleição Ordinária;1;220;ELEIÇÕES MUNICIPAIS 2016;02/10/2016;M;RJ;59196;TRÊS RIOS;59196;TRÊS RIOS;40;13;Vereador;21917;78;8;21917;78;17414;4503;N;15365;460;733;856;0;0;12:11:16;31/10/2016
18/10/2020;00:06:22;2016;2;Eleição Ordinária;1;220;ELEIÇÕES MUNICIPAIS 2016;02/10/2016;M;RJ;58653;NITERÓI;58653;NITERÓI;142;11;Prefeito;36130;113;3;36130;113;29478;6652;N;22362;1771;5345;0;0;0;19:51:16;02/10/2016
18/10/2020;00:06:22;2016;2;Eleição Ordinária;1;220;ELEIÇÕES MUNICIPAIS 2016;02/10/2016;M;RJ;58971;SÃO GONÇALO;58971;SÃO GONÇALO;132;11;Prefeito;88226;238;6;88226;238;70256;17970;N;52667;6028;11561;0;0;0;19:27:23;02/10/2016
18/10/2020;00:06:22;2016;2;Eleição Ordinária;1;220;ELEIÇÕES MUNICIPAIS 2016;02/10/2016;M;RJ;60011;RIO DE JANEIRO;60011;RIO DE JANEIRO;18;11;Prefeito;29985;79;0;29985;79;19224;10761;N;17085;584;1555;0;0;0;13:55:48;01/12/2016
18/10/2020;00:06:22;2016;2;Eleição Ordinária;1;220;ELEIÇÕES MUNICIPAIS 2016;02/10/2016;M;RJ;60011;RIO DE JANEIRO;60011;RIO DE JANEIRO;123;11;Prefeito;52140;115;1;52140;115;40230;11910;N;32858;2137;5235;0;0;0;13:55:48;01/12/2016
18/10/2020;00:06:22;2016;2;Eleição Ordinária;1;220;ELEIÇÕES MUNICIPAIS 2016;02/10/2016;M;RJ;60011;RIO DE JANEIRO;60011;RIO DE JANEIRO;23;11;Prefeito;53611;129;2;53611;129;41621;11990;N;33630;2463;5528;0;0;0;13:55:48;01/12/2016
18/10/2020;00:06:22;2016;2;Eleição Ordinária;2;221;ELEIÇÕES MUNICIPAIS 2016;30/10/2016;M;RJ;59250;VOLTA REDONDA;59250;VOLTA REDONDA;202;11;Prefeito;47705;145;4;47705;145;37917;9788;N;35368;637;1912;0;0;0;19:00:40;30/10/2016
18/10/2020;00:06:22;2016;2;Eleição Ordinária;1;220;ELEIÇÕES MUNICIPAIS 2016;02/10/2016;M;RJ;60011;RIO DE JANEIRO;60011;RIO DE JANEIRO;168;13;Vereador;40274;104;0;40274;104;30474;9800;N;21052;2614;4689;2119;0;0;13:55:48;01/12/2016
18/10/2020;00:06:22;2016;2;Eleição Ordinária;1;220;ELEIÇÕES MUNICIPAIS 2016;02/10/2016;M;RJ;58734;PARAÍBA DO SUL;58734;PARAÍBA DO SUL;28;13;Vereador;34148;102;25;34148;102;27439;6709;N;23341;692;1952;1454;0;0;15:41:34;12/05/2017
18/10/2020;00:06:22;2016;2;Eleição Ordinária;1;220;ELEIÇÕES MUNICIPAIS 2016;02/10/2016;M;RJ;60011;RIO DE JANEIRO;60011;RIO DE JANEIRO;191;11;Prefeito;58642;135;1;58642;135;44400;14242;N;35214;2634;6552;0;0;0;13:55:48;01/12/2016
18/10/2020;00:06:22;2016;2;Eleição Ordinária;1;220;ELEIÇÕES MUNICIPAIS 2016;02/10/2016;M;RJ;60011;RIO DE JANEIRO;60011;RIO DE JANEIRO;189;11;Prefeito;47073;109;0;47073;109;35458;11615;N;27744;2232;5482;0;0;0;13:55:48;01/12/2016
18/10/2020;00:06:22;2016;2;Eleição Ordinária;1;220;ELEIÇÕES MUNICIPAIS 2016;02/10/2016;M;RJ;58670;NOVA FRIBURGO;58670;NOVA FRIBURGO;222;13;Vereador;50195;162;23;50195;162;40272;9923;N;33796;1565;2666;2245;0;0;14:24:39;25/11/2016
18/10/2020;00:06:22;2016;2;Eleição Ordinária;1;220;ELEIÇÕES MUNICIPAIS 2016;02/10/2016;M;RJ;60011;RIO DE JANEIRO;60011;RIO DE JANEIRO;124;11;Prefeito;32131;74;12;32131;74;24433;7698;N;19524;1300;3609;0;0;0;13:55:48;01/12/2016
18/10/2020;00:06:22;2016;2;Eleição Ordinária;1;220;ELEIÇÕES MUNICIPAIS 2016;02/10/2016;M;RJ;60011;RIO DE JANEIRO;60011;RIO DE JANEIRO;193;11;Prefeito;39572;87;0;39572;87;30239;9333;N;24811;2009;3419;0;0;0;13:55:48;01/12/2016
18/10/2020;00:06:22;2016;2;Eleição Ordinária;1;220;ELEIÇÕES MUNICIPAIS 2016;02/10/2016;M;RJ;58653;NITERÓI;58653;NITERÓI;71;11;Prefeito;45525;131;0;45525;131;37126;8399;N;28563;1897;6666;0;0;0;19:51:16;02/10/2016
18/10/2020;00:06:22;2016;2;Eleição Ordinária;1;220;ELEIÇÕES MUNICIPAIS 2016;02/10/2016;M;RJ;58335;DUQUE DE CAXIAS;58335;DUQUE DE CAXIAS;128;13;Vereador;57710;162;3;57710;162;47848;9862;N;39936;1882;3461;2569;0;0;19:33:46;02/10/2016
18/10/2020;00:06:22;2016;2;Eleição Ordinária;1;220;ELEIÇÕES MUNICIPAIS 2016;02/10/2016;M;RJ;58696;NOVA IGUAÇU;58696;NOVA IGUAÇU;84;11;Prefeito;120242;328;4;120242;328;95951;24291;N;74734;7446;13771;0;0;0;15:18:21;10/10/2016
18/10/2020;00:06:22;2016;2;Eleição Ordinária;2;221;ELEIÇÕES MUNICIPAIS 2016;30/10/2016;M;RJ;60011;RIO DE JANEIRO;60011;RIO DE JANEIRO;161;11;Prefeito;84663;187;2;84663;187;63239;21424;N;53639;2520;7080;0;0;0;20:40:16;30/10/2016
18/10/2020;00:06:22;2016;2;Eleição Ordinária;1;220;ELEIÇÕES MUNICIPAIS 2016;02/10/2016;M;RJ;59072;SAPUCAIA;59072;SAPUCAIA;61;11;Prefeito;16856;54;2;16856;54;13958;2898;N;12958;299;701;0;0;0;19:15:35;02/10/2016
18/10/2020;00:06:22;2016;2;Eleição Ordinária;1;220;ELEIÇÕES MUNICIPAIS 2016;02/10/2016;M;RJ;58670;NOVA FRIBURGO;58670;NOVA FRIBURGO;26;13;Vereador;64519;194;14;64519;194;49275;15244;N;41573;1765;3821;2116;0;0;14:24:39;25/11/2016
18/10/2020;00:06:22;2016;2;Eleição Ordinária;1;220;ELEIÇÕES MUNICIPAIS 2016;02/10/2016;M;RJ;58971;SÃO GONÇALO;58971;SÃO GONÇALO;136;13;Vereador;49249;143;2;49249;143;38203;11046;N;29931;2238;4061;1973;0;0;19:27:23;02/10/2016
18/10/2020;00:06:22;2016;2;Eleição Ordinária;1;220;ELEIÇÕES MUNICIPAIS 2016;02/10/2016;M;RJ;58696;NOVA IGUAÇU;58696;NOVA IGUAÇU;158;11;Prefeito;50325;149;4;50325;149;41256;9069;N;34108;2242;4906;0;0;0;15:18:21;10/10/2016
18/10/2020;00:06:22;2016;2;Eleição Ordinária;1;220;ELEIÇÕES MUNICIPAIS 2016;02/10/2016;M;RJ;58696;NOVA IGUAÇU;58696;NOVA IGUAÇU;157;13;Vereador;90711;251;2;90711;251;73442;17269;N;57257;3524;9281;3380;0;0;14:09:38;04/04/2018
18/10/2020;00:06:22;2016;2;Eleição Ordinária;1;220;ELEIÇÕES MUNICIPAIS 2016;02/10/2016;M;RJ;58653;NITERÓI;58653;NITERÓI;144;11;Prefeito;35199;127;8;35199;127;29625;5574;N;21290;2172;6163;0;0;0;19:51:16;02/10/2016
18/10/2020;00:06:22;2016;2;Eleição Ordinária;1;220;ELEIÇÕES MUNICIPAIS 2016;02/10/2016;M;RJ;60011;RIO DE JANEIRO;60011;RIO DE JANEIRO;204;11;Prefeito;36320;89;20;36320;89;24628;11692;N;20359;1262;3007;0;0;0;13:55:48;01/12/2016
18/10/2020;00:06:22;2016;2;Eleição Ordinária;1;220;ELEIÇÕES MUNICIPAIS 2016;02/10/2016;M;RJ;60011;RIO DE JANEIRO;60011;RIO DE JANEIRO;13;13;Vereador;59329;145;1;59329;145;45261;14068;N;30935;3155;7336;3835;0;0;13:55:48;01/12/2016
18/10/2020;00:06:22;2016;2;Eleição Ordinária;1;220;ELEIÇÕES MUNICIPAIS 2016;02/10/2016;M;RJ;58394;ITAGUAÍ;58394;ITAGUAÍ;105;13;Vereador;89731;264;7;89731;264;74305;15426;N;66994;1874;2171;3266;0;0;11:25:22;03/11/2016
18/10/2020;00:06:22;2016;2;Eleição Ordinária;2;221;ELEIÇÕES MUNICIPAIS 2016;30/10/2016;M;RJ;60011;RIO DE JANEIRO;60011;RIO DE JANEIRO;4;11;Prefeito;49210;126;0;49210;126;34622;14588;N;27706;1191;5725;0;0;0;20:40:16;30/10/2016
18/10/2020;00:06:22;2016;2;Eleição Ordinária;2;221;ELEIÇÕES MUNICIPAIS 2016;30/10/2016;M;RJ;60011;RIO DE JANEIRO;60011;RIO DE JANEIRO;5;11;Prefeito;35859;95;0;35859;95;22589;13270;N;17936;861;3792;0;0;0;20:40:16;30/10/2016
18/10/2020;00:06:22;2016;2;Eleição Ordinária;2;221;ELEIÇÕES MUNICIPAIS 2016;30/10/2016;M;RJ;60011;RIO DE JANEIRO;60011;RIO DE JANEIRO;208;11;Prefeito;28926;77;0;28926;77;20697;8229;N;15911;842;3944;0;0;0;20:40:16;30/10/2016
18/10/2020;00:06:22;2016;2;Eleição Ordinária;1;220;ELEIÇÕES MUNICIPAIS 2016;02/10/2016;M;RJ;58335;DUQUE DE CAXIAS;58335;DUQUE DE CAXIAS;200;13;Vereador;43842;135;3;43842;135;34866;8976;N;28471;1684;3077;1634;0;0;19:33:46;02/10/2016
18/10/2020;00:06:22;2016;2;Eleição Ordinária;1;220;ELEIÇÕES MUNICIPAIS 2016;02/10/2016;M;RJ;58971;SÃO GONÇALO;58971;SÃO GONÇALO;133;13;Vereador;67863;180;2;67863;180;53783;14080;N;41981;3345;5587;2870;0;0;19:27:23;02/10/2016
18/10/2020;00:06:22;2016;2;Eleição Ordinária;2;221;ELEIÇÕES MUNICIPAIS 2016;30/10/2016;M;RJ;60011;RIO DE JANEIRO;60011;RIO DE JANEIRO;241;11;Prefeito;62235;135;0;62235;135;49368;12867;N;40853;2151;6364;0;0;0;20:40:16;30/10/2016
18/10/2020;00:06:22;2016;2;Eleição Ordinária;2;221;ELEIÇÕES MUNICIPAIS 2016;30/10/2016;M;RJ;60011;RIO DE JANEIRO;60011;RIO DE JANEIRO;118;11;Prefeito;44188;100;0;44188;100;32989;11199;N;26126;1539;5324;0;0;0;20:40:16;30/10/2016
18/10/2020;00:06:22;2016;2;Eleição Ordinária;1;220;ELEIÇÕES MUNICIPAIS 2016;02/10/2016;M;RJ;58041;BELFORD ROXO;58041;BELFORD ROXO;155;11;Prefeito;82581;224;0;82581;224;67497;15084;N;54697;3615;9185;0;0;0;18:58:08;27/10/2016
18/10/2020;00:06:22;2016;2;Eleição Ordinária;1;220;ELEIÇÕES MUNICIPAIS 2016;02/10/2016;M;RJ;60011;RIO DE JANEIRO;60011;RIO DE JANEIRO;162;11;Prefeito;43840;105;2;43840;105;33010;10830;N;25635;2427;4948;0;0;0;13:55:48;01/12/2016
18/10/2020;00:06:22;2016;2;Eleição Ordinária;1;220;ELEIÇÕES MUNICIPAIS 2016;02/10/2016;M;RJ;60011;RIO DE JANEIRO;60011;RIO DE JANEIRO;213;13;Vereador;44235;113;0;44235;113;32435;11800;N;22111;2694;4932;2698;0;0;13:55:48;01/12/2016
18/10/2020;00:06:22;2016;2;Eleição Ordinária;1;220;ELEIÇÕES MUNICIPAIS 2016;02/10/2016;M;RJ;58971;SÃO GONÇALO;58971;SÃO GONÇALO;36;13;Vereador;49952;142;0;49952;142;38406;11546;N;29845;2150;4221;2190;0;0;19:27:23;02/10/2016
18/10/2020;00:06:22;2016;2;Eleição Ordinária;2;221;ELEIÇÕES MUNICIPAIS 2016;30/10/2016;M;RJ;58653;NITERÓI;58653;NITERÓI;199;11;Prefeito;65659;200;5;65659;200;51298;14361;N;40412;2221;8665;0;0;0;19:20:40;30/10/2016
18/10/2020;00:06:22;2016;2;Eleição Ordinária;1;220;ELEIÇÕES MUNICIPAIS 2016;02/10/2016;M;RJ;58173;CAMBUCI;58173;CAMBUCI;97;13;Vereador;12240;40;7;12240;40;10620;1620;N;9807;82;199;532;0;0;18:27:32;02/10/2016
18/10/2020;00:06:22;2016;2;Eleição Ordinária;1;220;ELEIÇÕES MUNICIPAIS 2016;02/10/2016;M;RJ;60011;RIO DE JANEIRO;60011;RIO DE JANEIRO;204;13;Vereador;36320;89;20;36320;89;24628;11692;N;16722;2069;3484;2353;0;0;13:55:48;01/12/2016
18/10/2020;00:06:22;2016;2;Eleição Ordinária;1;220;ELEIÇÕES MUNICIPAIS 2016;02/10/2016;M;RJ;60011;RIO DE JANEIRO;60011;RIO DE JANEIRO;211;13;Vereador;75755;178;1;75755;178;55545;20210;N;38920;5753;5862;5010;0;0;13:55:48;01/12/2016
18/10/2020;00:06:22;2016;2;Eleição Ordinária;1;220;ELEIÇÕES MUNICIPAIS 2016;02/10/2016;M;RJ;60011;RIO DE JANEIRO;60011;RIO DE JANEIRO;160;13;Vereador;43269;107;0;43269;107;32854;10415;N;23551;2440;4410;2453;0;0;13:55:48;01/12/2016
18/10/2020;00:06:22;2016;2;Eleição Ordinária;1;220;ELEIÇÕES MUNICIPAIS 2016;02/10/2016;M;RJ;60011;RIO DE JANEIRO;60011;RIO DE JANEIRO;182;13;Vereador;86695;200;7;86695;200;67864;18831;N;47288;6002;9730;4844;0;0;13:55:48;01/12/2016
18/10/2020;00:06:22;2016;2;Eleição Ordinária;1;220;ELEIÇÕES MUNICIPAIS 2016;02/10/2016;M;RJ;58734;PARAÍBA DO SUL;58734;PARAÍBA DO SUL;28;11;Prefeito;34148;102;25;34148;102;27439;6709;N;18588;641;8210;0;0;0;19:15:36;02/10/2016
18/10/2020;00:06:22;2016;2;Eleição Ordinária;2;221;ELEIÇÕES MUNICIPAIS 2016;30/10/2016;M;RJ;58696;NOVA IGUAÇU;58696;NOVA IGUAÇU;84;11;Prefeito;120242;328;4;120242;328;89930;30312;N;77352;3571;9007;0;0;0;19:45:35;30/10/2016
18/10/2020;00:06:22;2016;2;Eleição Ordinária;1;220;ELEIÇÕES MUNICIPAIS 2016;02/10/2016;M;RJ;58335;DUQUE DE CAXIAS;58335;DUQUE DE CAXIAS;78;11;Prefeito;74009;204;2;74009;204;60203;13806;N;50950;2472;6781;0;0;0;19:33:46;02/10/2016
18/10/2020;00:06:22;2016;2;Eleição Ordinária;2;221;ELEIÇÕES MUNICIPAIS 2016;30/10/2016;M;RJ;60011;RIO DE JANEIRO;60011;RIO DE JANEIRO;185;11;Prefeito;61662;133;0;61662;133;44245;17417;N;35334;1708;7203;0;0;0;20:40:16;30/10/2016
18/10/2020;00:06:22;2016;2;Eleição Ordinária;2;221;ELEIÇÕES MUNICIPAIS 2016;30/10/2016;M;RJ;58653;NITERÓI;58653;NITERÓI;113;11;Prefeito;27903;116;9;27903;116;20907;6996;N;15535;1101;4271;0;0;0;19:20:40;30/10/2016
18/10/2020;00:06:22;2016;2;Eleição Ordinária;1;220;ELEIÇÕES MUNICIPAIS 2016;02/10/2016;M;RJ;60011;RIO DE JANEIRO;60011;RIO DE JANEIRO;234;13;Vereador;48263;103;0;48263;103;38373;9890;N;26204;3154;6020;2995;0;0;13:55:48;01/12/2016
18/10/2020;00:06:22;2016;2;Eleição Ordinária;1;220;ELEIÇÕES MUNICIPAIS 2016;02/10/2016;M;RJ;60011;RIO DE JANEIRO;60011;RIO DE JANEIRO;162;13;Vereador;43840;105;2;43840;105;33010;10830;N;23379;2992;4374;2265;0;0;13:55:48;01/12/2016
18/10/2020;00:06:22;2016;2;Eleição Ordinária;1;220;ELEIÇÕES MUNICIPAIS 2016;02/10/2016;M;RJ;60011;RIO DE JANEIRO;60011;RIO DE JANEIRO;228;13;Vereador;25973;73;0;25973;73;18509;7464;N;13392;1045;2432;1640;0;0;13:55:48;01/12/2016
18/10/2020;00:06:22;2016;2;Eleição Ordinária;1;220;ELEIÇÕES MUNICIPAIS 2016;02/10/2016;M;RJ;60011;RIO DE JANEIRO;60011;RIO DE JANEIRO;228;11;Prefeito;25973;73;0;25973;73;18509;7464;N;16184;519;1806;0;0;0;13:55:48;01/12/2016
18/10/2020;00:06:22;2016;1;Eleição Suplementar;1;330;ELEIÇÃO SUPLEMENTAR DE CABO FRIO;24/06/2018;M;RJ;58130;CABO FRIO;58130;CABO FRIO;96;11;Prefeito;73380;205;7;73380;205;48506;24874;N;28724;1411;18371;0;0;0;20:53:34;24/06/2018
18/10/2020;00:06:22;2016;2;Eleição Ordinária;2;221;ELEIÇÕES MUNICIPAIS 2016;30/10/2016;M;RJ;60011;RIO DE JANEIRO;60011;RIO DE JANEIRO;12;11;Prefeito;22129;68;3;22129;68;16077;6052;N;12486;762;2829;0;0;0;20:40:16;30/10/2016
18/10/2020;00:06:22;2016;2;Eleição Ordinária;1;220;ELEIÇÕES MUNICIPAIS 2016;02/10/2016;M;RJ;58459;LAJE DO MURIAÉ;58459;LAJE DO MURIAÉ;73;13;Vereador;7477;21;0;7477;21;6441;1036;N;5924;69;108;340;0;0;17:25:14;02/10/2016
18/10/2020;00:06:22;2016;2;Eleição Ordinária;1;220;ELEIÇÕES MUNICIPAIS 2016;02/10/2016;M;RJ;58149;JAPERI;58149;JAPERI;139;11;Prefeito;73471;214;9;73471;214;59796;13675;N;54029;1635;4132;0;0;0;19:45:36;02/10/2016
18/10/2020;00:06:22;2016;2;Eleição Ordinária;1;220;ELEIÇÕES MUNICIPAIS 2016;02/10/2016;M;RJ;59293;ITALVA;59293;ITALVA;141;11;Prefeito;11205;40;13;11205;40;9351;1854;N;8946;86;319;0;0;0;18:09:27;02/10/2016
18/10/2020;00:06:22;2016;2;Eleição Ordinária;1;220;ELEIÇÕES MUNICIPAIS 2016;02/10/2016;M;RJ;58190;CAMPOS DOS GOYTACAZES;58190;CAMPOS DOS GOYTACAZES;249;13;Vereador;49586;130;6;49586;130;40916;8670;N;35235;1345;2016;2320;0;0;13:52:20;08/04/2019
18/10/2020;00:06:22;2016;2;Eleição Ordinária;2;221;ELEIÇÕES MUNICIPAIS 2016;30/10/2016;M;RJ;60011;RIO DE JANEIRO;60011;RIO DE JANEIRO;212;11;Prefeito;26022;68;0;26022;68;17522;8500;N;13629;760;3133;0;0;0;20:40:16;30/10/2016
18/10/2020;00:06:22;2016;2;Eleição Ordinária;2;221;ELEIÇÕES MUNICIPAIS 2016;30/10/2016;M;RJ;60011;RIO DE JANEIRO;60011;RIO DE JANEIRO;173;11;Prefeito;37501;86;0;37501;86;27070;10431;N;21413;933;4724;0;0;0;20:40:16;30/10/2016
18/10/2020;00:06:22;2016;2;Eleição Ordinária;1;220;ELEIÇÕES MUNICIPAIS 2016;02/10/2016;M;RJ;59315;PATY DO ALFERES;59315;PATY DO ALFERES;48;13;Vereador;22881;66;5;22881;66;18679;4202;N;16767;235;665;1012;0;0;12:02:19;19/01/2017
18/10/2020;00:06:22;2016;2;Eleição Ordinária;1;220;ELEIÇÕES MUNICIPAIS 2016;02/10/2016;M;RJ;58157;CACHOEIRAS DE MACACU;58157;CACHOEIRAS DE MACACU;49;13;Vereador;45092;128;19;45092;128;36462;8630;N;32463;816;1238;1945;0;0;14:11:28;24/05/2017
18/10/2020;00:06:22;2016;2;Eleição Ordinária;1;220;ELEIÇÕES MUNICIPAIS 2016;02/10/2016;M;RJ;58335;DUQUE DE CAXIAS;58335;DUQUE DE CAXIAS;77;13;Vereador;33534;95;3;33534;95;26661;6873;N;22424;1061;1968;1208;0;0;19:33:46;02/10/2016
18/10/2020;00:06:22;2016;2;Eleição Ordinária;1;220;ELEIÇÕES MUNICIPAIS 2016;02/10/2016;M;RJ;58491;MAGÉ;58491;MAGÉ;148;11;Prefeito;90662;263;2;90662;263;74280;16382;N;65206;2944;6130;0;0;0;15:51:04;31/10/2016
18/10/2020;00:06:22;2016;2;Eleição Ordinária;1;220;ELEIÇÕES MUNICIPAIS 2016;02/10/2016;M;RJ;60011;RIO DE JANEIRO;60011;RIO DE JANEIRO;1;13;Vereador;28357;64;36;28357;64;17822;10535;N;11602;1722;2745;1753;0;0;13:55:48;01/12/2016
18/10/2020;00:06:22;2016;2;Eleição Ordinária;1;220;ELEIÇÕES MUNICIPAIS 2016;02/10/2016;M;RJ;58408;ARMAÇÃO DOS BÚZIOS;58408;ARMAÇÃO DOS BÚZIOS;172;13;Vereador;25868;73;3;25868;73;21357;4511;N;18984;420;956;997;0;0;19:21:16;02/10/2016
18/10/2020;00:06:22;2016;2;Eleição Ordinária;2;221;ELEIÇÕES MUNICIPAIS 2016;30/10/2016;M;RJ;60011;RIO DE JANEIRO;60011;RIO DE JANEIRO;18;11;Prefeito;29985;79;0;29985;79;18325;11660;N;14228;744;3353;0;0;0;20:40:16;30/10/2016
18/10/2020;00:06:22;2016;2;Eleição Ordinária;2;221;ELEIÇÕES MUNICIPAIS 2016;30/10/2016;M;RJ;60011;RIO DE JANEIRO;60011;RIO DE JANEIRO;236;11;Prefeito;22632;59;0;22632;59;17136;5496;N;13376;706;3054;0;0;0;20:40:16;30/10/2016
18/10/2020;00:06:22;2016;2;Eleição Ordinária;1;220;ELEIÇÕES MUNICIPAIS 2016;02/10/2016;M;RJ;58211;CANTAGALO;58211;CANTAGALO;101;13;Vereador;16471;61;11;16471;61;13494;2977;N;12028;295;445;726;0;0;19:03:46;02/10/2016
18/10/2020;00:06:22;2016;2;Eleição Ordinária;2;221;ELEIÇÕES MUNICIPAIS 2016;30/10/2016;M;RJ;60011;RIO DE JANEIRO;60011;RIO DE JANEIRO;230;11;Prefeito;58020;126;2;58020;126;45680;12340;N;37569;1954;6157;0;0;0;20:40:16;30/10/2016
18/10/2020;00:06:22;2016;2;Eleição Ordinária;1;220;ELEIÇÕES MUNICIPAIS 2016;02/10/2016;M;RJ;58750;PARATY;58750;PARATY;57;13;Vereador;28799;79;19;28799;79;23196;5603;N;20809;483;732;1172;0;0;12:00:32;01/11/2016
18/10/2020;00:06:22;2016;2;Eleição Ordinária;1;220;ELEIÇÕES MUNICIPAIS 2016;02/10/2016;M;RJ;58041;BELFORD ROXO;58041;BELFORD ROXO;155;13;Vereador;82581;224;0;82581;224;67497;15084;N;55580;2843;5975;3099;0;0;14:29:06;24/11/2016
18/10/2020;00:06:22;2016;2;Eleição Ordinária;1;220;ELEIÇÕES MUNICIPAIS 2016;02/10/2016;M;RJ;58076;BARRA MANSA;58076;BARRA MANSA;91;13;Vereador;46048;138;8;46048;138;37339;8709;N;31096;1211;3361;1671;0;0;15:14:19;24/11/2016
18/10/2020;00:06:22;2016;2;Eleição Ordinária;2;221;ELEIÇÕES MUNICIPAIS 2016;30/10/2016;M;RJ;59250;VOLTA REDONDA;59250;VOLTA REDONDA;90;11;Prefeito;49794;154;3;49794;154;39169;10625;N;36770;673;1726;0;0;0;19:00:40;30/10/2016
18/10/2020;00:06:22;2016;2;Eleição Ordinária;1;220;ELEIÇÕES MUNICIPAIS 2016;02/10/2016;M;RJ;60011;RIO DE JANEIRO;60011;RIO DE JANEIRO;212;13;Vereador;26022;68;0;26022;68;18428;7594;N;14249;967;1647;1565;0;0;13:55:48;01/12/2016
18/10/2020;00:06:22;2016;2;Eleição Ordinária;1;220;ELEIÇÕES MUNICIPAIS 2016;02/10/2016;M;RJ;58475;MACAÉ;58475;MACAÉ;109;13;Vereador;84716;242;10;84716;242;65082;19634;N;55590;2551;4255;2686;0;0;18:00:25;31/10/2016
18/10/2020;00:06:22;2016;2;Eleição Ordinária;1;220;ELEIÇÕES MUNICIPAIS 2016;02/10/2016;M;RJ;58190;CAMPOS DOS GOYTACAZES;58190;CAMPOS DOS GOYTACAZES;76;13;Vereador;59580;169;4;59580;169;48970;10610;N;42855;1523;1845;2747;0;0;13:52:20;08/04/2019
18/10/2020;00:06:22;2016;2;Eleição Ordinária;1;220;ELEIÇÕES MUNICIPAIS 2016;02/10/2016;M;RJ;58220;AREAL;58220;AREAL;174;11;Prefeito;9672;28;4;9672;28;8319;1353;N;5300;187;2832;0;0;0;19:33:41;02/10/2016
18/10/2020;00:06:22;2016;2;Eleição Ordinária;1;220;ELEIÇÕES MUNICIPAIS 2016;02/10/2016;M;RJ;60011;RIO DE JANEIRO;60011;RIO DE JANEIRO;161;11;Prefeito;84663;187;2;84663;187;65724;18939;N;53486;4330;7908;0;0;0;13:55:48;01/12/2016
18/10/2020;00:06:22;2016;2;Eleição Ordinária;2;221;ELEIÇÕES MUNICIPAIS 2016;30/10/2016;M;RJ;60011;RIO DE JANEIRO;60011;RIO DE JANEIRO;123;11;Prefeito;52140;115;1;52140;115;38993;13147;N;31747;1629;5617;0;0;0;20:40:16;30/10/2016
18/10/2020;00:06:22;2016;2;Eleição Ordinária;2;221;ELEIÇÕES MUNICIPAIS 2016;30/10/2016;M;RJ;60011;RIO DE JANEIRO;60011;RIO DE JANEIRO;16;11;Prefeito;50194;119;0;50194;119;34236;15958;N;27879;1086;5271;0;0;0;20:40:16;30/10/2016
18/10/2020;00:06:22;2016;2;Eleição Ordinária;1;220;ELEIÇÕES MUNICIPAIS 2016;02/10/2016;M;RJ;58653;NITERÓI;58653;NITERÓI;115;11;Prefeito;30603;100;5;30603;100;25122;5481;N;18986;1597;4539;0;0;0;19:51:16;02/10/2016
18/10/2020;00:06:22;2016;2;Eleição Ordinária;1;220;ELEIÇÕES MUNICIPAIS 2016;02/10/2016;M;RJ;59013;SÃO JOÃO DE MERITI;59013;SÃO JOÃO DE MERITI;187;11;Prefeito;64785;179;3;64785;179;51573;13212;N;40038;3272;8263;0;0;0;19:21:19;02/10/2016
18/10/2020;00:06:22;2016;2;Eleição Ordinária;1;220;ELEIÇÕES MUNICIPAIS 2016;02/10/2016;M;RJ;60011;RIO DE JANEIRO;60011;RIO DE JANEIRO;121;11;Prefeito;31057;80;0;31057;80;23269;7788;N;18679;1352;3238;0;0;0;13:55:48;01/12/2016
18/10/2020;00:06:22;2016;2;Eleição Ordinária;1;220;ELEIÇÕES MUNICIPAIS 2016;02/10/2016;M;RJ;60011;RIO DE JANEIRO;60011;RIO DE JANEIRO;19;11;Prefeito;49697;128;0;49697;128;36430;13267;N;30530;1539;4361;0;0;0;13:55:48;01/12/2016
18/10/2020;00:06:22;2016;2;Eleição Ordinária;1;220;ELEIÇÕES MUNICIPAIS 2016;02/10/2016;M;RJ;60011;RIO DE JANEIRO;60011;RIO DE JANEIRO;238;11;Prefeito;47833;101;4;47833;101;38024;9809;N;29839;2415;5770;0;0;0;13:55:48;01/12/2016
18/10/2020;00:06:22;2016;2;Eleição Ordinária;1;220;ELEIÇÕES MUNICIPAIS 2016;02/10/2016;M;RJ;58599;MIRACEMA;58599;MIRACEMA;112;11;Prefeito;22432;71;2;22432;71;17687;4745;N;16667;282;738;0;0;0;14:10:19;24/11/2016
18/10/2020;00:06:22;2016;2;Eleição Ordinária;1;220;ELEIÇÕES MUNICIPAIS 2016;02/10/2016;M;RJ;58467;MESQUITA;58467;MESQUITA;150;11;Prefeito;73685;207;6;73685;207;59262;14423;N;50503;2554;6205;0;0;0;14:00:34;21/10/2016
18/10/2020;00:06:22;2016;2;Eleição Ordinária;1;220;ELEIÇÕES MUNICIPAIS 2016;02/10/2016;M;RJ;58068;CARDOSO MOREIRA;58068;CARDOSO MOREIRA;141;11;Prefeito;11621;37;18;11621;37;9832;1789;N;9443;101;288;0;0;0;19:15:36;02/10/2016
18/10/2020;00:06:22;2016;2;Eleição Ordinária;1;220;ELEIÇÕES MUNICIPAIS 2016;02/10/2016;M;RJ;60011;RIO DE JANEIRO;60011;RIO DE JANEIRO;165;13;Vereador;28600;77;0;28600;77;19437;9163;N;15068;1020;1553;1796;0;0;13:55:48;01/12/2016
18/10/2020;00:06:22;2016;2;Eleição Ordinária;1;220;ELEIÇÕES MUNICIPAIS 2016;02/10/2016;M;RJ;58912;SANTA MARIA MADALENA;58912;SANTA MARIA MADALENA;33;11;Prefeito;8838;32;3;8838;32;7402;1436;N;6856;106;440;0;0;0;19:21:16;02/10/2016
18/10/2020;00:06:22;2016;2;Eleição Ordinária;1;220;ELEIÇÕES MUNICIPAIS 2016;02/10/2016;M;RJ;58777;PETRÓPOLIS;58777;PETRÓPOLIS;227;13;Vereador;43769;129;6;43769;129;32472;11297;N;25032;1910;3298;2232;0;0;11:10:43;03/11/2016
18/10/2020;00:06:22;2016;2;Eleição Ordinária;1;220;ELEIÇÕES MUNICIPAIS 2016;02/10/2016;M;RJ;60011;RIO DE JANEIRO;60011;RIO DE JANEIRO;169;11;Prefeito;52542;124;0;52542;124;39422;13120;N;31946;2383;5093;0;0;0;13:55:48;01/12/2016
18/10/2020;00:06:22;2016;2;Eleição Ordinária;1;220;ELEIÇÕES MUNICIPAIS 2016;02/10/2016;M;RJ;60011;RIO DE JANEIRO;60011;RIO DE JANEIRO;205;11;Prefeito;30955;93;1;30955;93;20010;10945;N;17637;665;1708;0;0;0;13:55:48;01/12/2016
18/10/2020;00:06:22;2016;2;Eleição Ordinária;1;220;ELEIÇÕES MUNICIPAIS 2016;02/10/2016;M;RJ;60011;RIO DE JANEIRO;60011;RIO DE JANEIRO;206;11;Prefeito;34301;86;0;34301;86;22915;11386;N;20142;777;1996;0;0;0;13:55:48;01/12/2016
18/10/2020;00:06:22;2016;2;Eleição Ordinária;1;220;ELEIÇÕES MUNICIPAIS 2016;02/10/2016;M;RJ;60011;RIO DE JANEIRO;60011;RIO DE JANEIRO;215;11;Prefeito;40518;96;3;40518;96;30225;10293;N;25185;1095;3945;0;0;0;13:55:48;01/12/2016
18/10/2020;00:06:22;2016;2;Eleição Ordinária;1;220;ELEIÇÕES MUNICIPAIS 2016;02/10/2016;M;RJ;60011;RIO DE JANEIRO;60011;RIO DE JANEIRO;245;13;Vereador;68141;156;8;68141;156;54622;13519;N;38052;4773;8169;3628;0;0;13:55:48;01/12/2016
18/10/2020;00:06:22;2016;2;Eleição Ordinária;1;220;ELEIÇÕES MUNICIPAIS 2016;02/10/2016;M;RJ;60011;RIO DE JANEIRO;60011;RIO DE JANEIRO;164;13;Vereador;32260;84;0;32260;84;22607;9653;N;16363;1731;2712;1801;0;0;13:55:48;01/12/2016
18/10/2020;00:06:22;2016;2;Eleição Ordinária;1;220;ELEIÇÕES MUNICIPAIS 2016;02/10/2016;M;RJ;59013;SÃO JOÃO DE MERITI;59013;SÃO JOÃO DE MERITI;187;13;Vereador;64785;179;3;64785;179;51573;13212;N;42275;2323;4842;2133;0;0;16:32:42;06/10/2016
18/10/2020;00:06:22;2016;2;Eleição Ordinária;2;221;ELEIÇÕES MUNICIPAIS 2016;30/10/2016;M;RJ;58696;NOVA IGUAÇU;58696;NOVA IGUAÇU;250;11;Prefeito;44643;120;0;44643;120;33308;11335;N;28668;1318;3322;0;0;0;19:45:35;30/10/2016
18/10/2020;00:06:22;2016;2;Eleição Ordinária;1;220;ELEIÇÕES MUNICIPAIS 2016;02/10/2016;M;RJ;58335;DUQUE DE CAXIAS;58335;DUQUE DE CAXIAS;79;13;Vereador;89395;242;14;89395;242;73778;15617;N;60807;3396;6205;3370;0;0;19:33:46;02/10/2016
18/10/2020;00:06:22;2016;2;Eleição Ordinária;1;220;ELEIÇÕES MUNICIPAIS 2016;02/10/2016;M;RJ;60011;RIO DE JANEIRO;60011;RIO DE JANEIRO;236;11;Prefeito;22632;59;0;22632;59;17632;5000;N;13956;937;2739;0;0;0;13:55:48;01/12/2016
18/10/2020;00:06:22;2016;2;Eleição Ordinária;2;221;ELEIÇÕES MUNICIPAIS 2016;30/10/2016;M;RJ;60011;RIO DE JANEIRO;60011;RIO DE JANEIRO;1;11;Prefeito;28357;64;36;28357;64;16986;11371;N;14058;710;2218;0;0;0;20:40:16;30/10/2016
18/10/2020;00:06:22;2016;2;Eleição Ordinária;1;220;ELEIÇÕES MUNICIPAIS 2016;02/10/2016;M;RJ;58777;PETRÓPOLIS;58777;PETRÓPOLIS;226;13;Vereador;40140;121;9;40140;121;32000;8140;N;26635;1496;1865;2004;0;0;11:10:43;03/11/2016
18/10/2020;00:06:22;2016;2;Eleição Ordinária;2;221;ELEIÇÕES MUNICIPAIS 2016;30/10/2016;M;RJ;58971;SÃO GONÇALO;58971;SÃO GONÇALO;133;11;Prefeito;67863;180;2;67863;180;50781;17082;N;40770;2443;7568;0;0;0;19:10:20;30/10/2016
18/10/2020;00:06:22;2016;2;Eleição Ordinária;1;220;ELEIÇÕES MUNICIPAIS 2016;02/10/2016;M;RJ;60011;RIO DE JANEIRO;60011;RIO DE JANEIRO;125;13;Vereador;55617;143;3;55617;143;44035;11582;N;32505;3778;4959;2793;0;0;13:55:48;01/12/2016
18/10/2020;00:06:22;2016;2;Eleição Ordinária;1;220;ELEIÇÕES MUNICIPAIS 2016;02/10/2016;M;RJ;60011;RIO DE JANEIRO;60011;RIO DE JANEIRO;252;13;Vereador;45444;99;0;45444;99;30752;14692;N;22910;2159;2802;2881;0;0;13:55:48;01/12/2016
18/10/2020;00:06:22;2016;2;Eleição Ordinária;1;220;ELEIÇÕES MUNICIPAIS 2016;02/10/2016;M;RJ;58696;NOVA IGUAÇU;58696;NOVA IGUAÇU;27;11;Prefeito;43681;152;12;43681;152;32038;11643;N;25350;1641;5047;0;0;0;15:18:21;10/10/2016
18/10/2020;00:06:22;2016;2;Eleição Ordinária;2;221;ELEIÇÕES MUNICIPAIS 2016;30/10/2016;M;RJ;60011;RIO DE JANEIRO;60011;RIO DE JANEIRO;211;11;Prefeito;75755;178;1;75755;178;53027;22728;N;44657;2354;6016;0;0;0;20:40:16;30/10/2016
18/10/2020;00:06:22;2016;2;Eleição Ordinária;2;221;ELEIÇÕES MUNICIPAIS 2016;30/10/2016;M;RJ;60011;RIO DE JANEIRO;60011;RIO DE JANEIRO;179;11;Prefeito;121087;268;3;121087;268;89010;32077;N;73388;4348;11274;0;0;0;20:40:16;30/10/2016
18/10/2020;00:06:22;2016;2;Eleição Ordinária;1;220;ELEIÇÕES MUNICIPAIS 2016;02/10/2016;M;RJ;58335;DUQUE DE CAXIAS;58335;DUQUE DE CAXIAS;126;11;Prefeito;101650;268;0;101650;268;83692;17958;N;68013;4436;11243;0;0;0;19:33:46;02/10/2016
18/10/2020;00:06:22;2016;2;Eleição Ordinária;1;220;ELEIÇÕES MUNICIPAIS 2016;02/10/2016;M;RJ;59331;SÃO JOSÉ DO VALE DO RIO PRETO;59331;SÃO JOSÉ DO VALE DO RIO PRETO;196;11;Prefeito;15955;51;3;15955;51;12942;3013;N;11981;257;704;0;0;0;18:04:00;02/10/2016
18/10/2020;00:06:22;2016;2;Eleição Ordinária;1;220;ELEIÇÕES MUNICIPAIS 2016;02/10/2016;M;RJ;59013;SÃO JOÃO DE MERITI;59013;SÃO JOÃO DE MERITI;145;11;Prefeito;52983;155;9;52983;155;42021;10962;N;32515;2593;6913;0;0;0;19:21:19;02/10/2016
18/10/2020;00:06:22;2016;2;Eleição Ordinária;2;221;ELEIÇÕES MUNICIPAIS 2016;30/10/2016;M;RJ;60011;RIO DE JANEIRO;60011;RIO DE JANEIRO;19;11;Prefeito;49697;128;0;49697;128;35380;14317;N;28035;1325;6020;0;0;0;20:40:16;30/10/2016
18/10/2020;00:06:22;2016;2;Eleição Ordinária;2;221;ELEIÇÕES MUNICIPAIS 2016;30/10/2016;M;RJ;60011;RIO DE JANEIRO;60011;RIO DE JANEIRO;191;11;Prefeito;58642;135;1;58642;135;42660;15982;N;33847;1702;7111;0;0;0;20:40:16;30/10/2016
18/10/2020;00:06:22;2016;2;Eleição Ordinária;1;220;ELEIÇÕES MUNICIPAIS 2016;02/10/2016;M;RJ;60011;RIO DE JANEIRO;60011;RIO DE JANEIRO;213;11;Prefeito;44235;113;0;44235;113;32435;11800;N;26228;1756;4451;0;0;0;13:55:48;01/12/2016
18/10/2020;00:06:22;2016;2;Eleição Ordinária;2;221;ELEIÇÕES MUNICIPAIS 2016;30/10/2016;M;RJ;58041;BELFORD ROXO;58041;BELFORD ROXO;152;11;Prefeito;97828;272;8;97828;272;72226;25602;N;60248;3136;8842;0;0;0;18:35:14;30/10/2016
18/10/2020;00:06:22;2016;2;Eleição Ordinária;1;220;ELEIÇÕES MUNICIPAIS 2016;02/10/2016;M;RJ;60011;RIO DE JANEIRO;60011;RIO DE JANEIRO;5;13;Vereador;35859;95;0;35859;95;23649;12210;N;17479;1616;2564;1990;0;0;13:55:48;01/12/2016
18/10/2020;00:06:22;2016;2;Eleição Ordinária;1;220;ELEIÇÕES MUNICIPAIS 2016;02/10/2016;M;RJ;59110;SILVA JARDIM;59110;SILVA JARDIM;63;13;Vereador;18773;46;21;18773;46;15440;3333;N;12940;193;1402;905;0;0;12:45:30;29/11/2016
18/10/2020;00:06:22;2016;2;Eleição Ordinária;1;220;ELEIÇÕES MUNICIPAIS 2016;02/10/2016;M;RJ;58190;CAMPOS DOS GOYTACAZES;58190;CAMPOS DOS GOYTACAZES;75;13;Vereador;58539;173;35;58539;173;48867;9672;N;41711;1409;2643;3104;0;0;13:52:20;08/04/2019
18/10/2020;00:06:22;2016;2;Eleição Ordinária;1;220;ELEIÇÕES MUNICIPAIS 2016;02/10/2016;M;RJ;60011;RIO DE JANEIRO;60011;RIO DE JANEIRO;12;11;Prefeito;22129;68;3;22129;68;16642;5487;N;13350;929;2363;0;0;0;13:55:48;01/12/2016
18/10/2020;00:06:22;2016;2;Eleição Ordinária;2;221;ELEIÇÕES MUNICIPAIS 2016;30/10/2016;M;RJ;60011;RIO DE JANEIRO;60011;RIO DE JANEIRO;20;11;Prefeito;46947;110;1;46947;110;34003;12944;N;26197;1201;6605;0;0;0;20:40:16;30/10/2016
18/10/2020;00:06:22;2016;2;Eleição Ordinária;2;221;ELEIÇÕES MUNICIPAIS 2016;30/10/2016;M;RJ;60011;RIO DE JANEIRO;60011;RIO DE JANEIRO;220;11;Prefeito;42872;93;1;42872;93;31542;11330;N;25792;1523;4227;0;0;0;20:40:16;30/10/2016
18/10/2020;00:06:22;2016;2;Eleição Ordinária;1;220;ELEIÇÕES MUNICIPAIS 2016;02/10/2016;M;RJ;58467;MESQUITA;58467;MESQUITA;83;13;Vereador;63640;172;4;63640;172;51674;11966;N;42858;2072;4626;2118;0;0;14:00:34;21/10/2016
18/10/2020;00:06:22;2016;2;Eleição Ordinária;1;220;ELEIÇÕES MUNICIPAIS 2016;02/10/2016;M;RJ;58831;RESENDE;58831;RESENDE;198;11;Prefeito;33974;98;26;33974;98;25668;8306;N;23724;656;1288;0;0;0;12:40:38;09/12/2016
18/10/2020;00:06:22;2016;2;Eleição Ordinária;1;220;ELEIÇÕES MUNICIPAIS 2016;02/10/2016;M;RJ;59030;SÃO PEDRO DA ALDEIA;59030;SÃO PEDRO DA ALDEIA;59;11;Prefeito;62903;181;41;62903;181;49178;13725;N;44304;1608;3266;0;0;0;12:50:20;30/11/2016
18/10/2020;00:06:22;2016;2;Eleição Ordinária;1;220;ELEIÇÕES MUNICIPAIS 2016;02/10/2016;M;RJ;58246;PINHEIRAL;58246;PINHEIRAL;30;13;Vereador;17682;48;6;17682;48;15117;2565;N;13606;277;553;681;0;0;19:21:15;02/10/2016
18/10/2020;00:06:22;2016;2;Eleição Ordinária;1;220;ELEIÇÕES MUNICIPAIS 2016;02/10/2016;M;RJ;58335;DUQUE DE CAXIAS;58335;DUQUE DE CAXIAS;66;13;Vereador;37338;102;9;37338;102;28821;8517;N;23117;1420;2879;1405;0;0;19:33:46;02/10/2016
18/10/2020;00:06:22;2016;2;Eleição Ordinária;2;221;ELEIÇÕES MUNICIPAIS 2016;30/10/2016;M;RJ;58041;BELFORD ROXO;58041;BELFORD ROXO;154;11;Prefeito;71907;192;13;71907;192;53267;18640;N;44044;2000;7223;0;0;0;18:35:14;30/10/2016
